-0.501455 0.347793
-0.482948 0.364187
-0.464335 0.389275
-0.438984 0.384431
-0.416712 0.383659
-0.393213 0.390545
-0.37274 0.371413
-0.349141 0.369542
-0.326455 0.36369
-0.308836 0.343675
-0.280946 0.344187
-0.262716 0.323995
-0.235381 0.315853
-0.212024 0.301418
-0.192318 0.279809
-0.170829 0.256463
-0.150734 0.236084
-0.137371 0.208141
-0.123075 0.183959
-0.109944 0.162589
-0.0804241 0.150409
-0.0892781 0.115942
-0.0783216 0.0941232
-0.0652375 0.0733007
-0.0486352 0.0545641
-0.0407787 0.0321474
-0.0265903 0.0148676
-0.0202979 0.00278331
-0.00366009 0.00963919
0.0212321 0.0183671
0.0338573 -0.00761564
0.0445022 0.0157338
0.0393767 0.0429067
0.0596527 0.0604309
0.0651597 0.0837369
0.0861868 0.103421
0.0914473 0.126586
0.0927361 0.154969
0.118577 0.168492
0.12625 0.197685
0.145039 0.219091
0.159836 0.242185
0.191213 0.255756
0.21117 0.279522
0.223078 0.308338
0.244651 0.327788
0.276093 0.327418
0.30081 0.335019
0.319596 0.350306
0.342193 0.357795
0.364425 0.362727
0.386575 0.366178
0.40781 0.373428
0.429613 0.379409
0.451885 0.387423
0.470572 0.369503
0.492148 0.356703
0.507677 0.339037
0.491877 0.315797
0.49931 0.293525
0.502007 0.271253
0.514321 0.248981
0.501313 0.226888
0.503174 0.203991
0.503411 0.181468
0.482731 0.1622
0.49239 0.136649
0.493902 0.113184
0.469264 0.0954107
0.464609 0.0733641
0.461373 0.049276
0.455487 0.0239598
0.438739 -0.00135183
0.412848 -0.0117527
0.387329 -0.0112024
0.367681 -0.026502
0.389541 -0.0494483
0.403276 -0.0706939
0.407188 -0.0940255
0.414135 -0.116275
0.394797 -0.13792
0.395332 -0.15984
0.408863 -0.183984
0.390601 -0.203409
0.380409 -0.223672
0.372253 -0.246207
0.371942 -0.270314
0.369709 -0.298594
0.339902 -0.310534
0.324588 -0.332512
0.321375 -0.363745
0.292842 -0.377846
0.278394 -0.404633
0.251652 -0.412367
0.234695 -0.431174
0.21135 -0.413558
0.186985 -0.430267
0.168375 -0.40796
0.138643 -0.396427
0.131745 -0.359991
0.107554 -0.345102
0.102286 -0.318017
0.0904372 -0.295372
0.0793771 -0.274113
0.0498523 -0.260606
0.0455865 -0.236203
0.0359557 -0.221225
0.0390149 -0.217709
0.0339049 -0.232812
0.0161655 -0.248953
-5.03683e-005 -0.26413
-0.0180394 -0.246107
-0.017491 -0.222543
-0.0298523 -0.19728
-0.0330805 -0.222826
-0.0554928 -0.238472
-0.0482512 -0.266332
-0.070367 -0.283049
-0.0654071 -0.314093
-0.100138 -0.324507
-0.109776 -0.34897
-0.120057 -0.377015
-0.136568 -0.406316
-0.164482 -0.42003
-0.187721 -0.433793
-0.211812 -0.425059
-0.233425 -0.418291
-0.257389 -0.417849
-0.276093 -0.394287
-0.300537 -0.378719
-0.309974 -0.34937
-0.331539 -0.330386
-0.345408 -0.308797
-0.36907 -0.293402
-0.368929 -0.263888
-0.377252 -0.242086
-0.37483 -0.218283
-0.39466 -0.19929
-0.387916 -0.174658
-0.408947 -0.154912
-0.393083 -0.131865
-0.404778 -0.109231
-0.386577 -0.0898379
-0.400858 -0.0607383
-0.371512 -0.0464468
-0.361038 -0.0176219
-0.386389 -0.00352562
-0.416731 -0.0127148
-0.426913 0.0157989
-0.444384 0.0352222
-0.45028 0.0600653
-0.459757 0.0799432
-0.468729 0.101528
-0.481651 0.121946
-0.487255 0.144079
-0.482122 0.167453
-0.487458 0.189844
-0.487487 0.212051
-0.487155 0.233391
-0.495279 0.255663
-0.509533 0.277935
-0.489694 0.300206
-0.486553 0.322478
-0.499161 0.34475
