0.901493 0.499415
0.892081 0.508802
0.893399 0.517194
0.89882 0.521923
0.89025 0.51679
0.903953 0.531257
0.90304 0.542717
0.89137 0.542709
0.89124 0.554845
0.896548 0.554463
0.89641 0.570054
0.894091 0.576846
0.895077 0.586113
0.898595 0.592246
0.891487 0.585908
0.88445 0.598196
0.880871 0.610159
0.880225 0.606734
0.883845 0.616714
0.883234 0.623188
0.882558 0.6346
0.869932 0.6375
0.879236 0.6309
0.867754 0.651204
0.867722 0.658621
0.864021 0.653204
0.858662 0.663659
0.857546 0.667466
0.868932 0.67899
0.84856 0.685736
0.855961 0.684212
0.852577 0.688437
0.84756 0.69857
0.833838 0.70685
0.847878 0.705574
0.843944 0.709703
0.830118 0.717344
0.821312 0.727312
0.816643 0.736819
0.817079 0.736371
0.817078 0.745924
0.823068 0.738541
0.805054 0.757852
0.807454 0.755953
0.804207 0.761568
0.79376 0.776744
0.784054 0.776666
0.788779 0.773762
0.776389 0.786698
0.775081 0.789561
0.772802 0.789114
0.773709 0.790803
0.773958 0.789915
0.7527 0.805208
0.751259 0.801174
0.747046 0.804162
0.75152 0.809517
0.745725 0.824115
0.725262 0.833716
0.731438 0.829896
0.729285 0.839508
0.708649 0.833065
0.704102 0.829762
0.705588 0.848428
0.696895 0.838123
0.705808 0.841841
0.690602 0.844261
0.674952 0.852433
0.66975 0.858841
0.67833 0.862361
0.663693 0.856348
0.654945 0.857233
0.657836 0.863894
0.64359 0.870322
0.633499 0.864112
0.64664 0.873686
0.62705 0.880294
0.627162 0.88934
0.608903 0.881863
0.604974 0.883578
0.613036 0.87834
0.607272 0.877592
0.597635 0.879895
0.57945 0.897509
0.587503 0.892639
0.571748 0.896954
0.558842 0.886755
0.567336 0.895292
0.557057 0.905619
0.547477 0.904644
0.548174 0.894008
0.539375 0.888836
0.534532 0.893546
0.522356 0.907364
0.515352 0.903499
0.517982 0.907543
0.502812 0.89504
0.499744 0.897935
0.494254 0.897124
0.487946 0.906193
0.471159 0.902088
0.465412 0.894445
0.465489 0.889094
0.459637 0.895339
0.444047 0.893563
0.447004 0.901885
0.431472 0.900697
0.424707 0.894197
0.422482 0.891238
0.425981 0.89629
0.404007 0.89757
0.404289 0.886031
0.397833 0.878302
0.402075 0.891382
0.384363 0.889458
0.389707 0.876054
0.378161 0.880377
0.370248 0.887708
0.355849 0.872485
0.35567 0.871809
0.347044 0.869028
0.350137 0.86428
0.328895 0.873916
0.325982 0.866064
0.334906 0.867786
0.328011 0.852721
0.318625 0.859424
0.311742 0.842201
0.302846 0.840657
0.291224 0.853896
0.294943 0.842855
0.282045 0.842109
0.278963 0.843144
0.275164 0.837063
0.265101 0.818493
0.267186 0.816571
0.267185 0.815755
0.262709 0.821503
0.248785 0.815827
0.234364 0.798155
0.248596 0.800024
0.236179 0.800669
0.225686 0.796815
0.215884 0.796609
0.215266 0.777025
0.221788 0.788824
0.215583 0.775649
0.209857 0.776742
0.196577 0.768385
0.206599 0.770177
0.190918 0.761021
0.193407 0.758824
0.17805 0.739801
0.187971 0.750527
0.181873 0.740889
0.168373 0.721471
0.172674 0.727058
0.17552 0.711405
0.153951 0.70974
0.159509 0.707037
0.164735 0.70454
0.145566 0.706711
0.158052 0.698359
0.145187 0.689503
0.146139 0.676245
0.148088 0.681855
0.133048 0.66609
0.140606 0.664868
0.125248 0.649306
0.126175 0.655396
0.120868 0.635605
0.133488 0.64404
0.1282 0.63
0.127984 0.623188
0.11407 0.630165
0.112281 0.608222
0.11274 0.602264
0.111183 0.605011
0.115919 0.59339
0.106868 0.586812
0.114551 0.588717
0.0999157 0.573721
0.112969 0.571521
0.101765 0.55778
0.106075 0.554163
0.0942485 0.54688
0.100136 0.538184
0.101824 0.53057
0.10785 0.531618
0.0921205 0.520907
0.0982819 0.521662
0.0904376 0.51148
0.0923273 0.51082
0.103805 0.507709
0.104287 0.494651
0.100243 0.491563
0.100211 0.489241
0.0988514 0.473825
0.0936289 0.46653
0.0963236 0.457007
0.109277 0.445609
0.105551 0.442067
0.0954664 0.438127
0.111911 0.442031
0.115707 0.435918
0.102879 0.415659
0.10021 0.418982
0.11659 0.404274
0.10791 0.411944
0.104956 0.404878
0.119605 0.387113
0.117001 0.382685
0.112861 0.382265
0.117996 0.376191
0.119305 0.371282
0.130047 0.357911
0.134918 0.355767
0.129759 0.343901
0.123959 0.335757
0.128586 0.335193
0.147158 0.327668
0.131509 0.324279
0.134779 0.307583
0.13965 0.309748
0.155201 0.308028
0.152466 0.292215
0.159625 0.286339
0.155134 0.294667
0.173541 0.292766
0.166755 0.280348
0.175581 0.276413
0.175007 0.2713
0.174373 0.257175
0.172864 0.26071
0.184035 0.241758
0.183014 0.242149
0.188921 0.231937
0.205596 0.228869
0.198255 0.223162
0.21488 0.226256
0.221269 0.22164
0.220521 0.210567
0.223471 0.218015
0.219009 0.217095
0.234683 0.205788
0.230933 0.190857
0.249447 0.202569
0.249695 0.182961
0.250447 0.182323
0.257298 0.18575
0.255567 0.176706
0.272819 0.169864
0.279191 0.173637
0.269213 0.176349
0.288409 0.171208
0.284055 0.166913
0.28471 0.155086
0.299856 0.145492
0.311824 0.157511
0.319573 0.154211
0.320305 0.14601
0.312939 0.136895
0.329516 0.139981
0.339243 0.133244
0.337604 0.14324
0.342168 0.136788
0.36012 0.130675
0.362341 0.11977
0.367891 0.117124
0.363186 0.118057
0.384778 0.126607
0.375744 0.119216
0.395937 0.110033
0.398035 0.106885
0.40722 0.109512
0.414645 0.104555
0.406328 0.117386
0.412106 0.111892
0.426346 0.108116
0.435748 0.0967131
0.442293 0.111152
0.443595 0.0957737
0.461296 0.102893
0.462976 0.107446
0.45703 0.105881
0.46545 0.109448
0.469035 0.0933415
0.485672 0.104738
0.497542 0.107208
0.499836 0.108688
0.514432 0.10774
0.509306 0.100687
0.520956 0.102873
0.525077 0.0932662
0.532833 0.0954185
0.538673 0.101902
0.543359 0.0962379
0.555117 0.108596
0.565146 0.101524
0.553601 0.102385
