0.9 0.5
0.899947 0.506516
0.899788 0.513029
0.899522 0.51954
0.899151 0.526045
0.898674 0.532543
0.898091 0.539033
0.897402 0.545512
0.896608 0.55198
0.895709 0.558433
0.894705 0.564871
0.893596 0.571292
0.892382 0.577694
0.891064 0.584075
0.889643 0.590434
0.888118 0.596769
0.886491 0.603078
0.88476 0.60936
0.882928 0.615613
0.880994 0.621835
0.878959 0.628025
0.876823 0.634181
0.874587 0.640301
0.872252 0.646384
0.869818 0.652428
0.867286 0.658432
0.864657 0.664394
0.861931 0.670312
0.859109 0.676185
0.856191 0.682011
0.853179 0.687789
0.850073 0.693517
0.846875 0.699193
0.843584 0.704817
0.840202 0.710387
0.83673 0.7159
0.833168 0.721357
0.829519 0.726754
0.825781 0.732092
0.821958 0.737368
0.818048 0.74258
0.814055 0.747729
0.809978 0.752812
0.805819 0.757827
0.801578 0.762775
0.797258 0.767652
0.792859 0.772459
0.788382 0.777193
0.783828 0.781854
0.7792 0.78644
0.774497 0.790949
0.769721 0.795382
0.764874 0.799736
0.759956 0.804011
0.75497 0.808205
0.749915 0.812318
0.744795 0.816347
0.739609 0.820293
0.73436 0.824153
0.729049 0.827928
0.723677 0.831615
0.718246 0.835215
0.712757 0.838725
0.707211 0.842146
0.70161 0.845476
0.695956 0.848714
0.69025 0.851859
0.684493 0.854912
0.678687 0.85787
0.672834 0.860733
0.666935 0.8635
0.660992 0.866171
0.655006 0.868745
0.648979 0.871221
0.642913 0.873599
0.636808 0.875877
0.630667 0.878056
0.624492 0.880134
0.618283 0.882111
0.612043 0.883987
0.605774 0.885761
0.599476 0.887433
0.593152 0.889002
0.586803 0.890468
0.580431 0.89183
0.574038 0.893088
0.567625 0.894242
0.561194 0.895291
0.554747 0.896236
0.548286 0.897075
0.541811 0.897809
0.535326 0.898437
0.528831 0.89896
0.522329 0.899376
0.51582 0.899687
0.509308 0.899892
0.502793 0.89999
0.496277 0.899983
0.489762 0.899869
0.48325 0.899649
0.476742 0.899323
0.470241 0.898891
0.463747 0.898354
0.457263 0.89771
0.45079 0.896961
0.444331 0.896107
0.437886 0.895148
0.431458 0.894084
0.425047 0.892915
0.418657 0.891642
0.412289 0.890265
0.405943 0.888784
0.399623 0.887201
0.393329 0.885514
0.387063 0.883726
0.380828 0.881835
0.374624 0.879843
0.368453 0.877751
0.362318 0.875558
0.356218 0.873265
0.350157 0.870874
0.344136 0.868384
0.338156 0.865796
0.332219 0.863111
0.326327 0.86033
0.32048 0.857453
0.314682 0.854481
0.308932 0.851416
0.303233 0.848257
0.297586 0.845005
0.291994 0.841663
0.286456 0.838229
0.280975 0.834706
0.275552 0.831094
0.270188 0.827394
0.264886 0.823607
0.259646 0.819734
0.25447 0.815777
0.249358 0.811735
0.244314 0.807611
0.239337 0.803405
0.23443 0.799119
0.229592 0.794754
0.224827 0.79031
0.220135 0.785789
0.215517 0.781192
0.210974 0.776521
0.206508 0.771777
0.20212 0.76696
0.197811 0.762072
0.193582 0.757115
0.189435 0.75209
0.18537 0.746997
0.181388 0.74184
0.177491 0.736618
0.173679 0.731333
0.169955 0.725987
0.166317 0.720581
0.162769 0.715116
0.159309 0.709594
0.15594 0.704017
0.152663 0.698386
0.149477 0.692701
0.146385 0.686966
0.143386 0.681181
0.140482 0.675348
0.137674 0.669469
0.134961 0.663545
0.132346 0.657577
0.129828 0.651567
0.127408 0.645517
0.125087 0.639429
0.122866 0.633303
0.120744 0.627143
0.118724 0.620948
0.116804 0.614721
0.114986 0.608464
0.113271 0.602178
0.111658 0.595865
0.110148 0.589527
0.108741 0.583165
0.107438 0.57678
0.10624 0.570376
0.105145 0.563952
0.104156 0.557512
0.103272 0.551057
0.102493 0.544588
0.101819 0.538107
0.101251 0.531616
0.100789 0.525116
0.100433 0.51861
0.100183 0.512099
0.100039 0.505585
0.100001 0.499069
0.100069 0.492554
0.100244 0.48604
0.100524 0.47953
0.100911 0.473026
0.101403 0.466529
0.102001 0.460041
0.102705 0.453563
0.103514 0.447097
0.104428 0.440646
0.105447 0.43421
0.106571 0.427792
0.1078 0.421393
0.109132 0.415015
0.110568 0.40866
0.112108 0.402328
0.11375 0.396023
0.115495 0.389745
0.117342 0.383496
0.119291 0.377279
0.12134 0.371094
0.12349 0.364943
0.12574 0.358828
0.128089 0.35275
0.130537 0.346712
0.133083 0.340714
0.135727 0.334758
0.138466 0.328846
0.141302 0.32298
0.144233 0.317161
0.147259 0.31139
0.150378 0.305669
0.15359 0.3
0.156894 0.294384
0.160288 0.288822
0.163773 0.283317
0.167348 0.277869
0.17101 0.27248
0.17476 0.267151
0.178596 0.261884
0.182517 0.25668
0.186523 0.251541
0.190611 0.246468
0.194782 0.241462
0.199034 0.236524
0.203366 0.231657
0.207776 0.22686
0.212264 0.222137
0.216828 0.217487
0.221468 0.212911
0.226181 0.208413
0.230967 0.203991
0.235825 0.199648
0.240752 0.195385
0.245748 0.191202
0.250812 0.187102
0.255942 0.183084
0.261137 0.179151
0.266395 0.175302
0.271715 0.17154
0.277095 0.167865
0.282535 0.164279
0.288032 0.160781
0.293586 0.157373
0.299194 0.154056
0.304856 0.150831
0.31057 0.147699
0.316333 0.14466
0.322146 0.141715
0.328006 0.138866
0.333911 0.136112
0.33986 0.133455
0.345852 0.130895
0.351885 0.128433
0.357957 0.12607
0.364067 0.123806
0.370213 0.121641
0.376393 0.119577
0.382606 0.117614
0.388851 0.115753
0.395124 0.113993
0.401426 0.112336
0.407754 0.110782
0.414106 0.109331
0.420481 0.107984
0.426877 0.106741
0.433292 0.105602
0.439726 0.104567
0.446175 0.103638
0.452638 0.102814
0.459114 0.102095
0.465601 0.101482
0.472097 0.100974
0.478601 0.100573
0.48511 0.100277
0.491623 0.100088
0.498138 0.100004
0.504654 0.100027
0.511169 0.100156
0.51768 0.100391
0.524187 0.100732
0.530688 0.101179
0.53718 0.101732
0.543662 0.10239
0.550133 0.103154
0.556591 0.104023
0.563033 0.104998
