0.906861 0.498714
0.896777 0.512072
0.901764 0.508584
0.891823 0.52097
0.891857 0.531544
0.905064 0.536511
0.896689 0.544754
0.88744 0.568323
0.889885 0.569552
0.898143 0.578945
0.89336 0.581324
0.897513 0.597622
0.878441 0.598617
0.882169 0.607422
0.887038 0.612157
0.880497 0.631285
0.875964 0.624357
0.876597 0.632651
0.877558 0.639964
0.86085 0.656291
0.859718 0.658467
0.855201 0.664942
0.858468 0.668878
0.851294 0.677398
0.846195 0.697538
0.84959 0.703671
0.848669 0.709536
0.837577 0.72284
0.833988 0.714397
0.835219 0.719228
0.826553 0.736655
0.825741 0.742528
0.8092 0.741928
0.799905 0.747477
0.806645 0.759123
0.791884 0.758761
0.793316 0.769409
0.79485 0.776705
0.778744 0.782563
0.774432 0.789432
0.773605 0.791333
0.768139 0.807082
0.749561 0.804424
0.748892 0.803725
0.736003 0.808748
0.740772 0.822609
0.726853 0.821555
0.725129 0.830325
0.720506 0.843074
0.705165 0.835578
0.706076 0.850284
0.687119 0.858121
0.679055 0.862444
0.686175 0.863526
0.679509 0.859003
0.655223 0.869404
0.655933 0.860524
0.644604 0.878683
0.647905 0.873237
0.630944 0.885585
0.630646 0.887848
0.623222 0.889932
0.614623 0.893233
0.604193 0.885384
0.583315 0.895643
0.575276 0.89726
0.58227 0.884031
0.563055 0.895543
0.562569 0.892158
0.555505 0.898715
0.53184 0.89805
0.526057 0.894027
0.515928 0.891497
0.513656 0.889852
0.504354 0.890157
0.496917 0.905724
0.482695 0.894941
0.490497 0.895697
0.464994 0.905258
0.461828 0.890655
0.449345 0.904783
0.456327 0.89519
0.449751 0.89836
0.429204 0.884671
0.427412 0.890648
0.411996 0.898144
0.414552 0.887165
0.391957 0.892662
0.393885 0.888329
0.392418 0.874698
0.366909 0.877139
0.372255 0.874252
0.354084 0.871109
0.35258 0.877269
0.340059 0.85909
0.328785 0.86201
0.327063 0.853594
0.316063 0.855
0.309591 0.859252
0.306524 0.852149
0.293489 0.848036
0.286048 0.840722
0.292596 0.841854
0.268989 0.827726
0.266035 0.833163
0.258841 0.830398
0.249303 0.824203
0.253021 0.814351
0.24227 0.815503
0.239875 0.79508
0.22722 0.804259
0.22603 0.78838
0.220049 0.78322
0.222232 0.785359
0.207768 0.780715
0.205773 0.777628
0.195396 0.752428
0.187658 0.748322
0.195423 0.745569
0.182611 0.734561
0.182902 0.726032
0.170071 0.736991
0.169361 0.729208
0.164276 0.722005
0.158607 0.705042
0.161583 0.692293
0.157587 0.697977
0.143135 0.691343
0.145396 0.672409
0.141008 0.677499
0.133587 0.664264
0.125955 0.653223
0.120884 0.649348
0.12488 0.645178
0.115453 0.629067
0.126167 0.620751
0.107809 0.624165
0.120972 0.616652
0.107538 0.597081
0.118633 0.585201
0.106918 0.573583
0.1043 0.573945
0.104586 0.564267
0.0969095 0.56421
0.112362 0.556572
0.0956494 0.544234
0.0983734 0.537931
0.093012 0.522486
0.109582 0.520671
0.102585 0.516807
0.106855 0.509304
0.0996818 0.485002
0.0957015 0.480818
0.102963 0.472501
0.105797 0.458611
0.0951489 0.462705
0.102418 0.450673
0.110958 0.445668
0.102924 0.432655
0.110404 0.430711
0.101392 0.426447
0.105564 0.418618
0.114554 0.394887
0.118954 0.399013
0.112136 0.383228
0.121621 0.368572
0.124743 0.367989
0.129098 0.355674
0.132408 0.34381
0.123327 0.347117
0.126926 0.328944
0.138687 0.322537
0.151106 0.320012
0.140252 0.31215
0.148056 0.316622
0.152393 0.303424
0.163648 0.286514
0.165861 0.292339
0.175247 0.271839
0.181472 0.264834
0.169875 0.267178
0.17852 0.264069
0.184911 0.249957
0.186035 0.249146
0.19444 0.233873
0.205024 0.240892
0.21441 0.225941
0.219811 0.220328
0.229691 0.217808
0.226604 0.215482
0.236182 0.211946
0.237415 0.202125
0.241072 0.193354
0.247451 0.194089
0.254399 0.187392
0.264114 0.168774
0.275016 0.174373
0.285725 0.163486
0.284099 0.161539
0.288095 0.148201
0.309326 0.163044
0.30708 0.150423
0.312828 0.148567
0.315231 0.137719
0.326075 0.131188
0.340675 0.133583
0.344785 0.135149
0.346346 0.132237
0.367001 0.134104
0.377694 0.128023
0.367463 0.120532
0.37699 0.12496
0.39139 0.116884
0.392363 0.122144
0.400794 0.109116
0.419693 0.100587
0.416473 0.113248
0.425465 0.107125
0.448785 0.0955264
0.448745 0.10102
0.460324 0.0968719
0.470361 0.0988892
0.473663 0.102193
0.487455 0.103567
0.487236 0.105214
0.501501 0.0925495
0.512521 0.109432
0.517922 0.091634
0.515632 0.095838
0.525447 0.109367
0.536455 0.0980164
0.553303 0.0979448
0.548445 0.0952505
0.574392 0.0961947
0.572211 0.104265
0.592576 0.100229
0.586015 0.120222
0.602169 0.117443
0.60632 0.107608
0.617809 0.109435
0.621481 0.111616
0.622774 0.119522
0.631749 0.130676
0.653931 0.130429
0.65867 0.140723
0.671385 0.127806
0.677037 0.131871
0.670996 0.135198
0.692494 0.148079
0.68787 0.156074
0.697941 0.150451
0.708948 0.148557
0.71184 0.154803
0.72282 0.168474
0.731575 0.164104
0.744894 0.18635
0.744961 0.186425
0.746047 0.193973
0.753054 0.199029
0.762865 0.206153
0.767368 0.209209
0.777618 0.213309
0.774634 0.212514
0.786087 0.210484
0.792226 0.218986
0.801361 0.23845
0.807362 0.24802
0.811745 0.242497
0.823241 0.242486
0.820887 0.264545
0.825202 0.262749
0.828255 0.274198
0.830053 0.271163
0.838102 0.294377
0.851692 0.287737
0.855023 0.307139
0.846132 0.307526
0.854233 0.315321
0.849078 0.320425
0.864718 0.325629
0.869162 0.343965
0.873335 0.348796
0.86996 0.349739
0.868036 0.362435
0.883939 0.374088
0.88831 0.372219
0.891426 0.393672
0.880968 0.396991
0.887757 0.396543
0.889425 0.413463
0.891701 0.409361
0.894561 0.426095
0.898307 0.431353
0.895329 0.437808
0.889285 0.455673
0.907194 0.467125
0.904059 0.468745
0.906567 0.467397
0.904595 0.488272
0.899331 0.493727
0.897158 0.490472
0.908545 0.503529
0.90123 0.502537
0.893354 0.507507
0.882042 0.511156
0.889349 0.52916
0.895196 0.543397
0.901532 0.547704
0.880241 0.568726
0.896983 0.575164
0.901117 0.575026
0.89285 0.577457
0.887899 0.58831
0.882196 0.601795
0.879594 0.609392
0.88902 0.616674
0.889174 0.623741
0.883637 0.630683
0.872135 0.640818
0.869727 0.636403
0.859829 0.65909
0.854253 0.665617
0.858803 0.673014
0.851536 0.662117
0.857396 0.678209
0.852703 0.698326
0.840876 0.711104
0.851796 0.701998
0.836316 0.719258
0.839753 0.719262
0.828505 0.718664
0.817545 0.740217
0.828109 0.734237
0.799691 0.733385
0.793363 0.739757
0.799421 0.755217
0.78652 0.753524
0.786728 0.760946
0.78631 0.785957
0.770559 0.783
0.77768 0.795403
0.776403 0.783263
0.760034 0.808391
0.750505 0.8054
0.755256 0.800597
0.74199 0.813513
0.736724 0.814763
0.73411 0.823377
0.720614 0.831804
0.7159 0.852507
0.700707 0.831393
0.70545 0.855291
0.687965 0.858225
0.67609 0.869474
0.696119 0.870248
0.676714 0.86019
0.654526 0.865095
0.657469 0.867848
0.649546 0.88097
0.652123 0.866085
0.635674 0.888225
0.628294 0.896044
0.617691 0.887912
0.61683 0.883239
0.605094 0.893519
0.591582 0.903242
0.58002 0.89217
0.59082 0.882446
0.559947 0.901521
0.571518 0.900168
0.556419 0.898614
0.527818 0.898313
0.531013 0.896934
0.524849 0.88488
0.50985 0.887917
0.499201 0.897539
0.49785 0.903162
0.477297 0.893543
0.494009 0.893592
0.46289 0.912205
0.468948 0.881831
0.444963 0.896216
0.46597 0.904018
0.457263 0.898041
0.426885 0.877331
0.420727 0.89763
0.403849 0.889473
0.420056 0.877722
0.398479 0.88634
0.385658 0.882969
0.389459 0.874168
0.372265 0.869142
0.369945 0.872358
0.345412 0.868656
0.355957 0.873275
0.347065 0.858691
0.327051 0.865234
0.331645 0.858125
0.320506 0.854956
0.303693 0.859547
0.300268 0.845705
0.288413 0.84261
0.281923 0.847401
0.28637 0.834946
0.274925 0.834917
0.263573 0.826922
0.263342 0.830848
0.248196 0.826467
0.246371 0.808962
0.245195 0.820229
0.239863 0.794624
0.220062 0.807312
0.220119 0.778405
0.222967 0.791837
0.231206 0.779167
0.204548 0.780587
0.197014 0.772821
0.194588 0.751972
0.17937 0.743065
0.194832 0.742582
0.183375 0.730312
0.17719 0.717558
0.171287 0.735074
0.178595 0.731051
0.166156 0.712049
0.16373 0.702997
0.166476 0.691159
0.166923 0.698487
0.153103 0.681797
0.144403 0.67595
0.149696 0.676521
0.12822 0.670416
0.117907 0.650448
0.113042 0.658116
0.128607 0.652622
0.107103 0.628657
0.13036 0.625547
0.0985277 0.631015
0.116423 0.609219
0.108315 0.599619
0.111507 0.585821
0.101192 0.56676
0.0995622 0.581398
0.105628 0.567572
0.0938109 0.560715
0.114222 0.563847
0.090315 0.551593
0.0957467 0.532928
0.0862976 0.514916
0.11007 0.527926
0.104488 0.516626
0.097221 0.515523
0.104719 0.477885
0.0918546 0.477587
0.104061 0.479729
0.114345 0.462891
0.0867029 0.458386
0.109773 0.455133
0.104856 0.447579
0.106066 0.423552
0.111921 0.424012
0.102503 0.422365
0.109176 0.412324
0.119891 0.385284
0.127228 0.405725
0.103607 0.381361
0.123473 0.358614
0.130794 0.358408
0.136834 0.347373
0.132944 0.340253
0.121001 0.355633
0.125121 0.324062
0.137451 0.320228
0.153075 0.324008
0.149472 0.314122
0.149497 0.30749
0.158457 0.302514
0.170666 0.290209
0.163715 0.288417
0.184734 0.276307
0.187045 0.263933
0.162898 0.269833
0.183329 0.263474
0.184733 0.243794
0.178386 0.255199
0.188878 0.233031
0.195345 0.246898
0.220403 0.21717
0.210784 0.222569
0.226035 0.219909
0.221881 0.205974
0.228551 0.210873
0.245835 0.207367
0.231537 0.196307
0.252798 0.1897
0.245807 0.184838
0.27358 0.170518
0.268699 0.174577
0.283359 0.155813
0.28752 0.167784
0.282667 0.142079
0.318383 0.15937
0.316886 0.142822
0.311669 0.145484
0.315508 0.135769
0.335407 0.138408
0.332417 0.127035
0.347768 0.134055
0.348431 0.128493
0.369962 0.13827
0.377365 0.124593
0.370777 0.118231
0.376849 0.124885
0.394007 0.125168
0.385175 0.118498
0.400013 0.114651
0.425405 0.106823
0.412686 0.110732
0.417983 0.110645
0.443049 0.100133
0.443138 0.107975
0.460734 0.10279
0.474273 0.098851
0.464626 0.104956
0.483639 0.11332
0.483875 0.101146
0.501528 0.0988897
0.520563 0.111145
0.510208 0.0836787
0.525248 0.0983616
0.533903 0.111519
0.536663 0.0957461
0.546012 0.105255
0.556798 0.085541
0.574869 0.0945122
0.572623 0.0991142
0.589246 0.104152
0.595697 0.12311
0.60488 0.119692
0.610934 0.0981891
0.61328 0.105916
0.62574 0.116592
0.614022 0.114957
0.630801 0.12478
0.651834 0.140063
0.663762 0.137402
0.679682 0.131323
0.667042 0.128845
0.669124 0.129607
0.691043 0.148614
0.689193 0.154942
0.693998 0.146775
0.715022 0.145601
0.709714 0.155751
0.727505 0.164145
0.734443 0.154673
0.745214 0.186661
0.744165 0.182571
0.749832 0.191465
0.753487 0.206641
0.766358 0.203497
0.767455 0.211838
0.779317 0.210676
0.777489 0.218053
0.786243 0.208453
0.792721 0.21111
0.809683 0.228823
0.797963 0.25385
0.808946 0.250034
0.829579 0.243526
0.812896 0.263255
0.820483 0.261809
0.834986 0.27244
0.825535 0.263579
0.831821 0.303652
0.858589 0.290836
0.846484 0.300092
0.852399 0.297906
0.857878 0.319068
0.852703 0.314244
0.857326 0.327179
0.877677 0.351064
0.8737 0.349953
0.874028 0.358035
0.868307 0.372176
0.880993 0.376319
0.88079 0.36519
0.893457 0.394182
0.887299 0.397384
0.895486 0.391428
0.892177 0.404134
0.89548 0.418917
0.894406 0.433462
0.894226 0.439414
0.890075 0.443632
0.897093 0.456009
0.912115 0.46896
0.901612 0.474362
0.908539 0.470065
0.911701 0.485044
0.900459 0.484846
0.889781 0.492187
0.476089 0.659413
0.196295 0.87524
0.818628 0.000640889
0.0601215 0.638722
0.410779 0.734642
0.852138 0.704825
0.614734 0.730491
0.598071 0.596301
0.561937 0.99469
0.576128 0.0867031
0.607929 0.9317
0.659108 0.798303
0.664052 0.974212
0.549577 0.121799
0.56212 0.113315
0.313639 0.240364
0.109012 0.360759
0.119816 0.537523
0.98648 0.673727
0.589312 0.171728
0.153142 0.373852
0.663686 0.0979644
0.904843 0.591937
0.396619 0.317789
0.249092 0.7687
0.57561 0.639271
0.750511 0.744072
0.579882 0.727836
0.503006 0.465163
0.381085 0.729514
0.385449 0.844813
0.0927763 0.247566
0.256478 0.801752
0.974883 0.954039
0.245155 0.0136418
0.299417 0.616993
0.793634 0.414411
0.984222 0.825526
0.607898 0.966521
0.399854 0.192785
0.17307 0.740471
0.257241 0.319193
0.98941 0.831904
0.981048 0.296243
0.185064 0.147588
0.476119 0.0329905
0.662374 0.592517
0.692495 0.185705
0.433363 0.687674
0.895505 0.972655
0.301004 0.151616
0.0471816 0.654378
0.542467 0.475631
0.205603 0.961882
0.750481 0.0243843
0.347301 0.252754
0.489395 0.693442
0.520676 0.677541
0.921598 0.654317
0.734916 0.136631
0.0610065 0.219001
0.492141 0.309885
0.810114 0.354686
0.36787 0.539445
0.435804 0.880123
0.546953 0.84753
0.64156 0.874935
0.720573 0.870083
0.891079 0.333171
0.250893 0.987762
0.140477 0.591998
0.00970489 0.435469
0.634846 0.567309
0.796808 0.67159
0.925199 0.326884
0.745079 0.788293
0.762993 0.0331431
0.617847 0.243995
0.0271615 0.785913
0.405286 0.699606
0.341227 0.396863
0.125797 0.239082
0.5356 0.627186
0.238716 0.756554
0.612201 0.918912
0.574511 0.790155
0.367016 0.152013
0.189062 0.584857
0.327372 0.457991
0.047792 0.664846
0.159673 0.621326
0.946318 0.696738
0.20423 0.10004
0.573199 0.925474
0.293252 0.196936
0.122379 0.963347
0.508225 0.412061
0.359844 0.213965
0.0331736 0.508255
0.552049 0.712455
