0.9 0.5
0.899912 0.508377
0.899649 0.51675
0.899211 0.525116
0.898597 0.533471
0.897809 0.541811
0.896846 0.550133
0.895709 0.558433
0.894398 0.566707
0.892915 0.574953
0.891259 0.583165
0.889432 0.59134
0.887433 0.599476
0.885265 0.607568
0.882928 0.615613
0.880423 0.623607
0.877751 0.631547
0.874913 0.639429
0.871911 0.64725
0.868745 0.655006
0.865418 0.662695
0.861931 0.670312
0.858285 0.677854
0.854481 0.685318
0.850523 0.692701
0.84641 0.7
0.842146 0.707211
0.837731 0.714331
0.833168 0.721357
0.82846 0.728285
0.823607 0.735114
0.818612 0.74184
0.813477 0.748459
0.808205 0.75497
0.802798 0.761368
0.797258 0.767652
0.791587 0.773819
0.785789 0.779865
0.779865 0.785789
0.773819 0.791587
0.767652 0.797258
0.761368 0.802798
0.75497 0.808205
0.748459 0.813477
0.74184 0.818612
0.735114 0.823607
0.728285 0.82846
0.721357 0.833168
0.714331 0.837731
0.707211 0.842146
0.7 0.84641
0.692701 0.850523
0.685318 0.854481
0.677854 0.858285
0.670312 0.861931
0.662695 0.865418
0.655006 0.868745
0.64725 0.871911
0.639429 0.874913
0.631547 0.877751
0.623607 0.880423
0.615613 0.882928
0.607568 0.885265
0.599476 0.887433
0.59134 0.889432
0.583165 0.891259
0.574953 0.892915
0.566707 0.894398
0.558433 0.895709
0.550133 0.896846
0.541811 0.897809
0.533471 0.898597
0.525116 0.899211
0.51675 0.899649
0.508377 0.899912
0.5 0.9
0.491623 0.899912
0.48325 0.899649
0.474884 0.899211
0.466529 0.898597
0.458189 0.897809
0.449867 0.896846
0.441567 0.895709
0.433293 0.894398
0.425047 0.892915
0.416835 0.891259
0.40866 0.889432
0.400524 0.887433
0.392432 0.885265
0.384387 0.882928
0.376393 0.880423
0.368453 0.877751
0.360571 0.874913
0.35275 0.871911
0.344994 0.868745
0.337305 0.865418
0.329688 0.861931
0.322146 0.858285
0.314682 0.854481
0.307299 0.850523
0.3 0.84641
0.292789 0.842146
0.285669 0.837731
0.278643 0.833168
0.271715 0.82846
0.264886 0.823607
0.25816 0.818612
0.251541 0.813477
0.24503 0.808205
0.238632 0.802798
0.232348 0.797258
0.226181 0.791587
0.220135 0.785789
0.214211 0.779865
0.208413 0.773819
0.202742 0.767652
0.197202 0.761368
0.191795 0.75497
0.186523 0.748459
0.181388 0.74184
0.176393 0.735114
0.17154 0.728285
0.166832 0.721357
0.162269 0.714331
0.157854 0.707211
0.15359 0.7
0.149477 0.692701
0.145519 0.685318
0.141715 0.677854
0.138069 0.670312
0.134582 0.662695
0.131255 0.655006
0.128089 0.64725
0.125087 0.639429
0.122249 0.631547
0.119577 0.623607
0.117072 0.615613
0.114735 0.607568
0.112567 0.599476
0.110568 0.59134
0.108741 0.583165
0.107085 0.574953
0.105602 0.566708
0.104291 0.558433
0.103154 0.550133
0.102191 0.541811
0.101403 0.533471
0.100789 0.525116
0.100351 0.51675
0.100088 0.508377
0.1 0.5
0.100088 0.491623
0.100351 0.48325
0.100789 0.474884
0.101403 0.466529
0.102191 0.458189
0.103154 0.449867
0.104291 0.441567
0.105602 0.433293
0.107085 0.425047
0.108741 0.416835
0.110568 0.40866
0.112567 0.400524
0.114735 0.392432
0.117072 0.384387
0.119577 0.376393
0.122249 0.368453
0.125087 0.360571
0.128089 0.35275
0.131255 0.344994
0.134582 0.337305
0.138069 0.329688
0.141715 0.322146
0.145519 0.314682
0.149477 0.307299
0.15359 0.3
0.157854 0.292789
0.162269 0.285669
0.166832 0.278643
0.17154 0.271715
0.176393 0.264886
0.181388 0.25816
0.186523 0.251541
0.191795 0.24503
0.197202 0.238632
0.202742 0.232348
0.208413 0.226181
0.214211 0.220135
0.220135 0.214211
0.226181 0.208413
0.232348 0.202742
0.238632 0.197202
0.24503 0.191795
0.251541 0.186523
0.25816 0.181388
0.264886 0.176393
0.271715 0.17154
0.278643 0.166832
0.285669 0.162269
0.292789 0.157854
0.3 0.15359
0.307299 0.149477
0.314682 0.145519
0.322146 0.141715
0.329688 0.138069
0.337305 0.134582
0.344994 0.131255
0.35275 0.128089
0.360571 0.125087
0.368453 0.122249
0.376393 0.119577
0.384387 0.117072
0.392432 0.114735
0.400524 0.112567
0.40866 0.110568
0.416835 0.108741
0.425047 0.107085
0.433292 0.105602
0.441567 0.104291
0.449867 0.103154
0.458189 0.102191
0.466529 0.101403
0.474884 0.100789
0.48325 0.100351
0.491623 0.100088
0.5 0.1
0.508377 0.100088
0.51675 0.100351
0.525116 0.100789
0.533471 0.101403
0.541811 0.102191
0.550133 0.103154
0.558433 0.104291
0.566707 0.105602
0.574953 0.107085
0.583165 0.108741
0.59134 0.110568
0.599476 0.112567
0.607568 0.114735
0.615613 0.117072
0.623607 0.119577
0.631547 0.122249
0.639429 0.125087
0.64725 0.128089
0.655006 0.131255
0.662695 0.134582
0.670312 0.138069
0.677854 0.141715
0.685318 0.145519
0.692701 0.149477
0.7 0.15359
0.707211 0.157854
0.714331 0.162269
0.721357 0.166832
0.728285 0.17154
0.735114 0.176393
0.74184 0.181388
0.748459 0.186523
0.75497 0.191795
0.761368 0.197202
0.767652 0.202742
0.773819 0.208413
0.779865 0.214211
0.785789 0.220135
0.791587 0.226181
0.797258 0.232348
0.802798 0.238632
0.808205 0.24503
0.813477 0.251541
0.818612 0.25816
0.823607 0.264886
0.82846 0.271715
0.833168 0.278643
0.837731 0.285669
0.842146 0.292789
0.84641 0.3
0.850523 0.307299
0.854481 0.314682
0.858285 0.322146
0.861931 0.329688
0.865418 0.337305
0.868745 0.344994
0.871911 0.35275
0.874913 0.360571
0.877751 0.368453
0.880423 0.376393
0.882928 0.384387
0.885265 0.392432
0.887433 0.400524
0.889432 0.40866
0.891259 0.416835
0.892915 0.425047
0.894398 0.433292
0.895709 0.441567
0.896846 0.449867
0.897809 0.458189
0.898597 0.466529
0.899211 0.474884
0.899649 0.48325
0.899912 0.491623
0.9 0.5
