1 0.5
0.99989 0.510471
0.999561 0.520938
0.999013 0.531395
0.998246 0.541839
0.997261 0.552264
0.996057 0.562667
0.994636 0.573042
0.992998 0.583384
0.991144 0.593691
0.989074 0.603956
0.986789 0.614175
0.984292 0.624345
0.981581 0.63446
0.97866 0.644516
0.975528 0.654508
0.972188 0.664433
0.968641 0.674286
0.964888 0.684062
0.960932 0.693758
0.956773 0.703368
0.952414 0.71289
0.947856 0.722318
0.943102 0.731648
0.938153 0.740877
0.933013 0.75
0.927682 0.759014
0.922164 0.767913
0.916461 0.776696
0.910575 0.785357
0.904508 0.793893
0.898265 0.8023
0.891847 0.810574
0.885257 0.818712
0.878498 0.82671
0.871572 0.834565
0.864484 0.842274
0.857236 0.849832
0.849832 0.857236
0.842274 0.864484
0.834565 0.871572
0.82671 0.878498
0.818712 0.885257
0.810574 0.891847
0.8023 0.898265
0.793893 0.904508
0.785357 0.910575
0.776696 0.916461
0.767913 0.922164
0.759014 0.927682
0.75 0.933013
0.740877 0.938153
0.731648 0.943102
0.722318 0.947856
0.71289 0.952414
0.703368 0.956773
0.693758 0.960932
0.684062 0.964888
0.674286 0.968641
0.664433 0.972188
0.654508 0.975528
0.644516 0.97866
0.63446 0.981581
0.624345 0.984292
0.614175 0.986789
0.603956 0.989074
0.593691 0.991144
0.583384 0.992998
0.573042 0.994636
0.562667 0.996057
0.552264 0.997261
0.541839 0.998246
0.531395 0.999013
0.520938 0.999561
0.510471 0.99989
0.5 1
0.489529 0.99989
0.479062 0.999561
0.468605 0.999013
0.458161 0.998246
0.447736 0.997261
0.437333 0.996057
0.426958 0.994636
0.416616 0.992998
0.406309 0.991144
0.396044 0.989074
0.385825 0.986789
0.375655 0.984292
0.36554 0.981581
0.355484 0.97866
0.345492 0.975528
0.335567 0.972188
0.325714 0.968641
0.315938 0.964888
0.306242 0.960932
0.296632 0.956773
0.28711 0.952414
0.277682 0.947856
0.268352 0.943102
0.259123 0.938153
0.25 0.933013
0.240986 0.927682
0.232087 0.922164
0.223304 0.916461
0.214643 0.910575
0.206107 0.904508
0.1977 0.898265
0.189426 0.891847
0.181288 0.885257
0.17329 0.878498
0.165435 0.871572
0.157726 0.864484
0.150168 0.857236
0.142764 0.849832
0.135516 0.842274
0.128428 0.834565
0.121502 0.82671
0.114743 0.818712
0.108153 0.810574
0.101735 0.8023
0.0954915 0.793893
0.0894254 0.785357
0.0835394 0.776696
0.077836 0.767913
0.0723179 0.759014
0.0669873 0.75
0.0618467 0.740877
0.0568982 0.731648
0.0521441 0.722318
0.0475865 0.71289
0.0432273 0.703368
0.0390684 0.693758
0.0351118 0.684062
0.031359 0.674286
0.0278118 0.664433
0.0244717 0.654508
0.0213403 0.644516
0.0184187 0.63446
0.0157084 0.624345
0.0132105 0.614175
0.0109262 0.603956
0.00885637 0.593691
0.00700198 0.583384
0.00536383 0.573042
0.00394265 0.562667
0.00273905 0.552264
0.00175357 0.541839
0.000986636 0.531395
0.000438585 0.520938
0.000109658 0.510471
0 0.5
0.000109658 0.489529
0.000438585 0.479062
0.000986636 0.468605
0.00175357 0.458161
0.00273905 0.447736
0.00394265 0.437333
0.00536383 0.426958
0.00700198 0.416616
0.00885637 0.406309
0.0109262 0.396044
0.0132105 0.385825
0.0157084 0.375655
0.0184187 0.36554
0.0213403 0.355484
0.0244717 0.345492
0.0278118 0.335567
0.031359 0.325714
0.0351118 0.315938
0.0390684 0.306242
0.0432273 0.296632
0.0475865 0.28711
0.0521441 0.277682
0.0568982 0.268352
0.0618467 0.259123
0.0669873 0.25
0.0723179 0.240986
0.077836 0.232087
0.0835394 0.223304
0.0894254 0.214643
0.0954915 0.206107
0.101735 0.1977
0.108153 0.189426
0.114743 0.181288
0.121502 0.17329
0.128428 0.165435
0.135516 0.157726
0.142764 0.150168
0.150168 0.142764
0.157726 0.135516
0.165435 0.128428
0.17329 0.121502
0.181288 0.114743
0.189426 0.108153
0.1977 0.101735
0.206107 0.0954915
0.214643 0.0894254
0.223304 0.0835394
0.232087 0.077836
0.240986 0.0723179
0.25 0.0669873
0.259123 0.0618467
0.268352 0.0568982
0.277682 0.0521441
0.28711 0.0475865
0.296632 0.0432273
0.306242 0.0390684
0.315938 0.0351118
0.325714 0.031359
0.335567 0.0278118
0.345492 0.0244717
0.355484 0.0213403
0.36554 0.0184187
0.375655 0.0157084
0.385825 0.0132105
0.396044 0.0109262
0.406309 0.00885638
0.416616 0.00700198
0.426958 0.00536383
0.437333 0.00394265
0.447736 0.00273905
0.458161 0.00175357
0.468605 0.000986636
0.479062 0.000438585
0.489529 0.000109658
0.5 0
0.510471 0.000109658
0.520938 0.000438585
0.531395 0.000986636
0.541839 0.00175357
0.552264 0.00273905
0.562667 0.00394265
0.573042 0.00536383
0.583384 0.00700198
0.593691 0.00885637
0.603956 0.0109262
0.614175 0.0132105
0.624345 0.0157084
0.63446 0.0184187
0.644516 0.0213403
0.654508 0.0244717
0.664433 0.0278118
0.674286 0.031359
0.684062 0.0351118
0.693758 0.0390684
0.703368 0.0432273
0.71289 0.0475865
0.722318 0.0521441
0.731648 0.0568982
0.740877 0.0618467
0.75 0.0669873
0.759014 0.0723179
0.767913 0.077836
0.776696 0.0835394
0.785357 0.0894254
0.793893 0.0954915
0.8023 0.101735
0.810574 0.108153
0.818712 0.114743
0.82671 0.121502
0.834565 0.128428
0.842274 0.135516
0.849832 0.142764
0.857236 0.150168
0.864484 0.157726
0.871572 0.165435
0.878498 0.17329
0.885257 0.181288
0.891847 0.189426
0.898265 0.1977
0.904508 0.206107
0.910575 0.214643
0.916461 0.223304
0.922164 0.232087
0.927682 0.240986
0.933013 0.25
0.938153 0.259123
0.943102 0.268352
0.947856 0.277682
0.952414 0.28711
0.956773 0.296632
0.960932 0.306242
0.964888 0.315938
0.968641 0.325714
0.972188 0.335567
0.975528 0.345491
0.97866 0.355484
0.981581 0.36554
0.984292 0.375655
0.986789 0.385825
0.989074 0.396044
0.991144 0.406309
0.992998 0.416616
0.994636 0.426958
0.996057 0.437333
0.997261 0.447736
0.998246 0.458161
0.999013 0.468605
0.999561 0.479062
0.99989 0.489529
1 0.5
