0.906861 0.498714
0.896777 0.512072
0.901764 0.508584
0.891823 0.52097
0.891857 0.531544
0.905064 0.536511
0.896689 0.544754
0.88744 0.568323
0.889885 0.569552
0.898143 0.578945
0.89336 0.581324
0.897513 0.597622
0.878441 0.598617
0.882169 0.607422
0.887038 0.612157
0.880497 0.631285
0.875964 0.624357
0.876597 0.632651
0.877558 0.639964
0.86085 0.656291
0.859718 0.658467
0.855201 0.664942
0.858468 0.668878
0.851294 0.677398
0.846195 0.697538
0.84959 0.703671
0.848669 0.709536
0.837577 0.72284
0.833988 0.714397
0.835219 0.719228
0.826553 0.736655
0.825741 0.742528
0.8092 0.741928
0.799905 0.747477
0.806645 0.759123
0.791884 0.758761
0.793316 0.769409
0.79485 0.776705
0.778744 0.782563
0.774432 0.789432
0.773605 0.791333
0.768139 0.807082
0.749561 0.804424
0.748892 0.803725
0.736003 0.808748
0.740772 0.822609
0.726853 0.821555
0.725129 0.830325
0.720506 0.843074
0.705165 0.835578
0.706076 0.850284
0.687119 0.858121
0.679055 0.862444
0.686175 0.863526
0.679509 0.859003
0.655223 0.869404
0.655933 0.860524
0.644604 0.878683
0.647905 0.873237
0.630944 0.885585
0.630646 0.887848
0.623222 0.889932
0.614623 0.893233
0.604193 0.885384
0.583315 0.895643
0.575276 0.89726
0.58227 0.884031
0.563055 0.895543
0.562569 0.892158
0.555505 0.898715
0.53184 0.89805
0.526057 0.894027
0.515928 0.891497
0.513656 0.889852
0.504354 0.890157
0.496917 0.905724
0.482695 0.894941
0.490497 0.895697
0.464994 0.905258
0.461828 0.890655
0.449345 0.904783
0.456327 0.89519
0.449751 0.89836
0.429204 0.884671
0.427412 0.890648
0.411996 0.898144
0.414552 0.887165
0.391957 0.892662
0.393885 0.888329
0.392418 0.874698
0.366909 0.877139
0.372255 0.874252
0.354084 0.871109
0.35258 0.877269
0.340059 0.85909
0.328785 0.86201
0.327063 0.853594
0.316063 0.855
0.309591 0.859252
0.306524 0.852149
0.293489 0.848036
0.286048 0.840722
0.292596 0.841854
0.268989 0.827726
0.266035 0.833163
0.258841 0.830398
0.249303 0.824203
0.253021 0.814351
0.24227 0.815503
0.239875 0.79508
0.22722 0.804259
0.22603 0.78838
0.220049 0.78322
0.222232 0.785359
0.207768 0.780715
0.205773 0.777628
0.195396 0.752428
0.187658 0.748322
0.195423 0.745569
0.182611 0.734561
0.182902 0.726032
0.170071 0.736991
0.169361 0.729208
0.164276 0.722005
0.158607 0.705042
0.161583 0.692293
0.157587 0.697977
0.143135 0.691343
0.145396 0.672409
0.141008 0.677499
0.133587 0.664264
0.125955 0.653223
0.120884 0.649348
0.12488 0.645178
0.115453 0.629067
0.126167 0.620751
0.107809 0.624165
0.120972 0.616652
0.107538 0.597081
0.118633 0.585201
0.106918 0.573583
0.1043 0.573945
0.104586 0.564267
0.0969095 0.56421
0.112362 0.556572
0.0956494 0.544234
0.0983734 0.537931
0.093012 0.522486
0.109582 0.520671
0.102585 0.516807
0.106855 0.509304
0.0996818 0.485002
0.0957015 0.480818
0.102963 0.472501
0.105797 0.458611
0.0951489 0.462705
0.102418 0.450673
0.110958 0.445668
0.102924 0.432655
0.110404 0.430711
0.101392 0.426447
0.105564 0.418618
0.114554 0.394887
0.118954 0.399013
0.112136 0.383228
0.121621 0.368572
0.124743 0.367989
0.129098 0.355674
0.132408 0.34381
0.123327 0.347117
0.126926 0.328944
0.138687 0.322537
0.151106 0.320012
0.140252 0.31215
0.148056 0.316622
0.152393 0.303424
0.163648 0.286514
0.165861 0.292339
0.175247 0.271839
0.181472 0.264834
0.169875 0.267178
0.17852 0.264069
0.184911 0.249957
0.186035 0.249146
0.19444 0.233873
0.205024 0.240892
0.21441 0.225941
0.219811 0.220328
0.229691 0.217808
0.226604 0.215482
0.236182 0.211946
0.237415 0.202125
0.241072 0.193354
0.247451 0.194089
0.254399 0.187392
0.264114 0.168774
0.275016 0.174373
0.285725 0.163486
0.284099 0.161539
0.288095 0.148201
0.309326 0.163044
0.30708 0.150423
0.312828 0.148567
0.315231 0.137719
0.326075 0.131188
0.340675 0.133583
0.344785 0.135149
0.346346 0.132237
0.367001 0.134104
0.377694 0.128023
0.367463 0.120532
0.37699 0.12496
0.39139 0.116884
0.392363 0.122144
0.400794 0.109116
0.419693 0.100587
0.416473 0.113248
0.425465 0.107125
0.448785 0.0955264
0.448745 0.10102
0.460324 0.0968719
0.470361 0.0988892
0.473663 0.102193
0.487455 0.103567
0.487236 0.105214
0.501501 0.0925495
0.512521 0.109432
0.517922 0.091634
0.515632 0.095838
0.525447 0.109367
0.536455 0.0980164
0.553303 0.0979448
0.548445 0.0952505
0.574392 0.0961947
0.572211 0.104265
0.592576 0.100229
0.586015 0.120222
0.602169 0.117443
0.60632 0.107608
0.617809 0.109435
0.621481 0.111616
0.622774 0.119522
0.631749 0.130676
0.653931 0.130429
0.65867 0.140723
0.671385 0.127806
0.677037 0.131871
0.670996 0.135198
0.692494 0.148079
0.68787 0.156074
0.697941 0.150451
0.708948 0.148557
0.71184 0.154803
0.72282 0.168474
0.731575 0.164104
0.744894 0.18635
0.744961 0.186425
0.746047 0.193973
0.753054 0.199029
0.762865 0.206153
0.767368 0.209209
0.777618 0.213309
0.774634 0.212514
0.786087 0.210484
0.792226 0.218986
0.801361 0.23845
0.807362 0.24802
0.811745 0.242497
0.823241 0.242486
0.820887 0.264545
0.825202 0.262749
0.828255 0.274198
0.830053 0.271163
0.838102 0.294377
0.851692 0.287737
0.855023 0.307139
0.846132 0.307526
0.854233 0.315321
0.849078 0.320425
0.864718 0.325629
0.869162 0.343965
0.873335 0.348796
0.86996 0.349739
0.868036 0.362435
0.883939 0.374088
0.88831 0.372219
0.891426 0.393672
0.880968 0.396991
0.887757 0.396543
0.889425 0.413463
0.891701 0.409361
0.894561 0.426095
0.898307 0.431353
0.895329 0.437808
0.889285 0.455673
0.907194 0.467125
0.904059 0.468745
0.906567 0.467397
0.904595 0.488272
0.899331 0.493727
0.897158 0.490472
