0.500000 0.000000 1.000000 0.000000
0.520677 0.010907 0.999781 0.020942
0.540199 0.022641 0.999123 0.041876
0.557676 0.035086 0.998027 0.062791
0.572300 0.048057 0.996493 0.083678
0.583389 0.061317 0.994522 0.104528
0.590413 0.074587 0.992115 0.125333
0.593021 0.087570 0.989272 0.146083
0.591057 0.099970 0.985996 0.166769
0.584565 0.111512 0.982287 0.187381
0.573784 0.121962 0.978148 0.207912
0.559140 0.131145 0.973579 0.228351
0.541223 0.138963 0.968583 0.248690
0.520757 0.145398 0.963163 0.268920
0.498564 0.150525 0.957319 0.289032
0.475528 0.154508 0.951057 0.309017
0.452553 0.157596 0.944376 0.328867
0.430518 0.160108 0.937282 0.348572
0.410237 0.162424 0.929776 0.368125
0.392424 0.164960 0.921863 0.387516
0.377657 0.168144 0.913545 0.406737
0.366359 0.172396 0.904827 0.425779
0.358775 0.178098 0.895712 0.444635
0.354967 0.185572 0.886204 0.463296
0.354812 0.195059 0.876307 0.481754
0.358013 0.206699 0.866025 0.500000
0.364116 0.220517 0.855364 0.518027
0.372536 0.236418 0.844328 0.535827
0.382583 0.254187 0.832921 0.553392
0.393502 0.273491 0.821149 0.570714
0.404508 0.293893 0.809017 0.587785
0.414826 0.314870 0.796530 0.604599
0.423722 0.335838 0.783693 0.621148
0.430546 0.356179 0.770513 0.637424
0.434753 0.375269 0.756995 0.653421
0.435931 0.392514 0.743145 0.669131
0.433813 0.407378 0.728969 0.684547
0.428292 0.419415 0.714473 0.699663
0.419415 0.428292 0.699663 0.714473
0.407378 0.433813 0.684547 0.728969
0.392514 0.435931 0.669131 0.743145
0.375269 0.434753 0.653421 0.756995
0.356179 0.430546 0.637424 0.770513
0.335838 0.423722 0.621148 0.783693
0.314870 0.414826 0.604599 0.796530
0.293893 0.404508 0.587785 0.809017
0.273491 0.393502 0.570714 0.821149
0.254187 0.382583 0.553392 0.832921
0.236418 0.372536 0.535827 0.844328
0.220517 0.364116 0.518027 0.855364
0.206699 0.358013 0.500000 0.866025
0.195059 0.354812 0.481754 0.876307
0.185572 0.354967 0.463296 0.886204
0.178098 0.358775 0.444635 0.895712
0.172396 0.366359 0.425779 0.904827
0.168144 0.377657 0.406737 0.913545
0.164960 0.392424 0.387516 0.921863
0.162424 0.410237 0.368125 0.929776
0.160108 0.430518 0.348572 0.937282
0.157596 0.452553 0.328867 0.944376
0.154508 0.475528 0.309017 0.951057
0.150525 0.498564 0.289032 0.957319
0.145398 0.520757 0.268920 0.963163
0.138963 0.541223 0.248690 0.968583
0.131145 0.559140 0.228351 0.973579
0.121962 0.573784 0.207912 0.978148
0.111512 0.584565 0.187381 0.982287
0.099970 0.591057 0.166769 0.985996
0.087570 0.593021 0.146083 0.989272
0.074587 0.590413 0.125333 0.992115
0.061317 0.583389 0.104528 0.994522
0.048057 0.572300 0.083678 0.996493
0.035086 0.557676 0.062791 0.998027
0.022641 0.540199 0.041876 0.999123
0.010907 0.520677 0.020942 0.999781
0.000000 0.500000 0.000000 1.000000
-0.010036 0.479104 -0.020942 0.999781
-0.019235 0.458923 -0.041876 0.999123
-0.027705 0.440351 -0.062791 0.998027
-0.035620 0.424193 -0.083678 0.996493
-0.043212 0.411133 -0.104528 0.994522
-0.050747 0.401702 -0.125333 0.992115
-0.058513 0.396251 -0.146083 0.989272
-0.066799 0.394939 -0.166769 0.985996
-0.075870 0.397723 -0.187381 0.982287
-0.085950 0.404364 -0.207912 0.978148
-0.097206 0.414438 -0.228351 0.973579
-0.109727 0.427360 -0.248690 0.968583
-0.123522 0.442406 -0.268920 0.963163
-0.138507 0.458756 -0.289032 0.957319
-0.154508 0.475528 -0.309017 0.951057
-0.171271 0.491823 -0.328867 0.944376
-0.188464 0.506764 -0.348572 0.937282
-0.205700 0.519539 -0.368125 0.929776
-0.222556 0.529439 -0.387516 0.921863
-0.238593 0.535888 -0.406737 0.913545
-0.253384 0.538468 -0.425779 0.904827
-0.266538 0.536936 -0.444635 0.895712
-0.277724 0.531237 -0.463296 0.886204
-0.286694 0.521495 -0.481754 0.876307
-0.293301 0.508013 -0.500000 0.866025
-0.297510 0.491248 -0.518027 0.855364
-0.299409 0.471792 -0.535827 0.844328
-0.299204 0.450339 -0.553392 0.832921
-0.297223 0.427647 -0.570714 0.821149
-0.293893 0.404508 -0.587785 0.809017
-0.289729 0.381704 -0.604599 0.796530
-0.285310 0.359971 -0.621148 0.783693
-0.281245 0.339967 -0.637424 0.770513
-0.278152 0.322242 -0.653421 0.756995
-0.276617 0.307214 -0.669131 0.743145
-0.277169 0.295155 -0.684547 0.728969
-0.280249 0.286180 -0.699663 0.714473
-0.286180 0.280249 -0.714473 0.699663
-0.295155 0.277169 -0.728969 0.684547
-0.307214 0.276617 -0.743145 0.669131
-0.322242 0.278152 -0.756995 0.653421
-0.339967 0.281245 -0.770513 0.637424
-0.359971 0.285310 -0.783693 0.621148
-0.381704 0.289729 -0.796530 0.604599
-0.404508 0.293893 -0.809017 0.587785
-0.427647 0.297223 -0.821149 0.570714
-0.450339 0.299204 -0.832921 0.553392
-0.471792 0.299409 -0.844328 0.535827
-0.491248 0.297510 -0.855364 0.518027
-0.508013 0.293301 -0.866025 0.500000
-0.521495 0.286694 -0.876307 0.481754
-0.531237 0.277724 -0.886204 0.463296
-0.536936 0.266538 -0.895712 0.444635
-0.538468 0.253384 -0.904827 0.425779
-0.535888 0.238593 -0.913545 0.406737
-0.529439 0.222556 -0.921863 0.387516
-0.519539 0.205700 -0.929776 0.368125
-0.506764 0.188464 -0.937282 0.348572
-0.491823 0.171271 -0.944376 0.328867
-0.475528 0.154508 -0.951057 0.309017
-0.458756 0.138507 -0.957319 0.289032
-0.442406 0.123522 -0.963163 0.268920
-0.427360 0.109727 -0.968583 0.248690
-0.414438 0.097206 -0.973579 0.228351
-0.404364 0.085950 -0.978148 0.207912
-0.397723 0.075870 -0.982287 0.187381
-0.394939 0.066799 -0.985996 0.166769
-0.396251 0.058513 -0.989272 0.146083
-0.401702 0.050747 -0.992115 0.125333
-0.411133 0.043212 -0.994522 0.104528
-0.424193 0.035620 -0.996493 0.083678
-0.440351 0.027705 -0.998027 0.062791
-0.458923 0.019235 -0.999123 0.041876
-0.479104 0.010036 -0.999781 0.020942
-0.500000 0.000000 -1.000000 0.000000
-0.520677 -0.010907 -0.999781 -0.020942
-0.540199 -0.022641 -0.999123 -0.041876
-0.557676 -0.035086 -0.998027 -0.062791
-0.572300 -0.048057 -0.996493 -0.083678
-0.583389 -0.061317 -0.994522 -0.104528
-0.590413 -0.074587 -0.992115 -0.125333
-0.593021 -0.087570 -0.989272 -0.146083
-0.591057 -0.099970 -0.985996 -0.166769
-0.584565 -0.111512 -0.982287 -0.187381
-0.573784 -0.121962 -0.978148 -0.207912
-0.559140 -0.131145 -0.973579 -0.228351
-0.541223 -0.138963 -0.968583 -0.248690
-0.520757 -0.145398 -0.963163 -0.268920
-0.498564 -0.150525 -0.957319 -0.289032
-0.475528 -0.154508 -0.951057 -0.309017
-0.452553 -0.157596 -0.944376 -0.328867
-0.430518 -0.160108 -0.937282 -0.348572
-0.410237 -0.162424 -0.929776 -0.368125
-0.392424 -0.164960 -0.921863 -0.387516
-0.377657 -0.168144 -0.913545 -0.406737
-0.366359 -0.172396 -0.904827 -0.425779
-0.358775 -0.178098 -0.895712 -0.444635
-0.354967 -0.185572 -0.886204 -0.463296
-0.354812 -0.195059 -0.876307 -0.481754
-0.358013 -0.206699 -0.866025 -0.500000
-0.364116 -0.220517 -0.855364 -0.518027
-0.372536 -0.236418 -0.844328 -0.535827
-0.382583 -0.254187 -0.832921 -0.553392
-0.393502 -0.273491 -0.821149 -0.570714
-0.404508 -0.293893 -0.809017 -0.587785
-0.414826 -0.314870 -0.796530 -0.604599
-0.423722 -0.335838 -0.783693 -0.621148
-0.430546 -0.356179 -0.770513 -0.637424
-0.434753 -0.375269 -0.756995 -0.653421
-0.435931 -0.392514 -0.743145 -0.669131
-0.433813 -0.407378 -0.728969 -0.684547
-0.428292 -0.419415 -0.714473 -0.699663
-0.419415 -0.428292 -0.699663 -0.714473
-0.407378 -0.433813 -0.684547 -0.728969
-0.392514 -0.435931 -0.669131 -0.743145
-0.375269 -0.434753 -0.653421 -0.756995
-0.356179 -0.430546 -0.637424 -0.770513
-0.335838 -0.423722 -0.621148 -0.783693
-0.314870 -0.414826 -0.604599 -0.796530
-0.293893 -0.404508 -0.587785 -0.809017
-0.273491 -0.393502 -0.570714 -0.821149
-0.254187 -0.382583 -0.553392 -0.832921
-0.236418 -0.372536 -0.535827 -0.844328
-0.220517 -0.364116 -0.518027 -0.855364
-0.206699 -0.358013 -0.500000 -0.866025
-0.195059 -0.354812 -0.481754 -0.876307
-0.185572 -0.354967 -0.463296 -0.886204
-0.178098 -0.358775 -0.444635 -0.895712
-0.172396 -0.366359 -0.425779 -0.904827
-0.168144 -0.377657 -0.406737 -0.913545
-0.164960 -0.392424 -0.387516 -0.921863
-0.162424 -0.410237 -0.368125 -0.929776
-0.160108 -0.430518 -0.348572 -0.937282
-0.157596 -0.452553 -0.328867 -0.944376
-0.154508 -0.475528 -0.309017 -0.951057
-0.150525 -0.498564 -0.289032 -0.957319
-0.145398 -0.520757 -0.268920 -0.963163
-0.138963 -0.541223 -0.248690 -0.968583
-0.131145 -0.559140 -0.228351 -0.973579
-0.121962 -0.573784 -0.207912 -0.978148
-0.111512 -0.584565 -0.187381 -0.982287
-0.099970 -0.591057 -0.166769 -0.985996
-0.087570 -0.593021 -0.146083 -0.989272
-0.074587 -0.590413 -0.125333 -0.992115
-0.061317 -0.583389 -0.104528 -0.994522
-0.048057 -0.572300 -0.083678 -0.996493
-0.035086 -0.557676 -0.062791 -0.998027
-0.022641 -0.540199 -0.041876 -0.999123
-0.010907 -0.520677 -0.020942 -0.999781
-0.000000 -0.500000 -0.000000 -1.000000
0.010036 -0.479104 0.020942 -0.999781
0.019235 -0.458923 0.041876 -0.999123
0.027705 -0.440351 0.062791 -0.998027
0.035620 -0.424193 0.083678 -0.996493
0.043212 -0.411133 0.104528 -0.994522
0.050747 -0.401702 0.125333 -0.992115
0.058513 -0.396251 0.146083 -0.989272
0.066799 -0.394939 0.166769 -0.985996
0.075870 -0.397723 0.187381 -0.982287
0.085950 -0.404364 0.207912 -0.978148
0.097206 -0.414438 0.228351 -0.973579
0.109727 -0.427360 0.248690 -0.968583
0.123522 -0.442406 0.268920 -0.963163
0.138507 -0.458756 0.289032 -0.957319
0.154508 -0.475528 0.309017 -0.951057
0.171271 -0.491823 0.328867 -0.944376
0.188464 -0.506764 0.348572 -0.937282
0.205700 -0.519539 0.368125 -0.929776
0.222556 -0.529439 0.387516 -0.921863
0.238593 -0.535888 0.406737 -0.913545
0.253384 -0.538468 0.425779 -0.904827
0.266538 -0.536936 0.444635 -0.895712
0.277724 -0.531237 0.463296 -0.886204
0.286694 -0.521495 0.481754 -0.876307
0.293301 -0.508013 0.500000 -0.866025
0.297510 -0.491248 0.518027 -0.855364
0.299409 -0.471792 0.535827 -0.844328
0.299204 -0.450339 0.553392 -0.832921
0.297223 -0.427647 0.570714 -0.821149
0.293893 -0.404508 0.587785 -0.809017
0.289729 -0.381704 0.604599 -0.796530
0.285310 -0.359971 0.621148 -0.783693
0.281245 -0.339967 0.637424 -0.770513
0.278152 -0.322242 0.653421 -0.756995
0.276617 -0.307214 0.669131 -0.743145
0.277169 -0.295155 0.684547 -0.728969
0.280249 -0.286180 0.699663 -0.714473
0.286180 -0.280249 0.714473 -0.699663
0.295155 -0.277169 0.728969 -0.684547
0.307214 -0.276617 0.743145 -0.669131
0.322242 -0.278152 0.756995 -0.653421
0.339967 -0.281245 0.770513 -0.637424
0.359971 -0.285310 0.783693 -0.621148
0.381704 -0.289729 0.796530 -0.604599
0.404508 -0.293893 0.809017 -0.587785
0.427647 -0.297223 0.821149 -0.570714
0.450339 -0.299204 0.832921 -0.553392
0.471792 -0.299409 0.844328 -0.535827
0.491248 -0.297510 0.855364 -0.518027
0.508013 -0.293301 0.866025 -0.500000
0.521495 -0.286694 0.876307 -0.481754
0.531237 -0.277724 0.886204 -0.463296
0.536936 -0.266538 0.895712 -0.444635
0.538468 -0.253384 0.904827 -0.425779
0.535888 -0.238593 0.913545 -0.406737
0.529439 -0.222556 0.921863 -0.387516
0.519539 -0.205700 0.929776 -0.368125
0.506764 -0.188464 0.937282 -0.348572
0.491823 -0.171271 0.944376 -0.328867
0.475528 -0.154508 0.951057 -0.309017
0.458756 -0.138507 0.957319 -0.289032
0.442406 -0.123522 0.963163 -0.268920
0.427360 -0.109727 0.968583 -0.248690
0.414438 -0.097206 0.973579 -0.228351
0.404364 -0.085950 0.978148 -0.207912
0.397723 -0.075870 0.982287 -0.187381
0.394939 -0.066799 0.985996 -0.166769
0.396251 -0.058513 0.989272 -0.146083
0.401702 -0.050747 0.992115 -0.125333
0.411133 -0.043212 0.994522 -0.104528
0.424193 -0.035620 0.996493 -0.083678
0.440351 -0.027705 0.998027 -0.062791
0.458923 -0.019235 0.999123 -0.041876
0.479104 -0.010036 0.999781 -0.020942
