-97.561 172.561
91.196 -189.109
91.845 -188.014
90.152 -189.683
88.900 -190.413
87.386 -190.674
85.351 -190.726
83.160 -190.726
80.916 -190.726
78.881 -190.674
76.377 -190.674
66.149 -191.248
73.976 -190.831
71.994 -190.883
70.011 -190.779
67.819 -191.196
64.480 -191.248
62.497 -191.248
60.097 -191.353
58.479 -191.196
56.705 -191.248
55.244 -191.353
53.731 -191.353
51.383 -191.248
49.087 -191.196
45.017 -190.987
43.451 -190.831
42.251 -190.413
39.277 -190.361
36.459 -190.100
33.835 -190.106
31.857 -190.278
29.620 -190.278
27.211 -190.106
25.405 -189.848
22.308 -189.762
20.330 -189.504
18.179 -189.504
15.942 -189.504
13.620 -189.246
10.437 -189.074
8.114 -188.729
6.652 -188.643
3.641 -188.471
1.146 -188.385
-2.639 -188.299
-4.704 -188.299
-8.145 -188.213
-10.295 -188.213
-12.532 -188.213
-15.457 -188.213
-20.532 -188.127
-25.607 -187.525
-29.565 -187.525
-34.411 -187.182
-39.287 -187.182
-45.534 -187.182
-51.476 -187.639
-55.895 -187.639
-61.075 -187.639
-66.256 -187.639
-68.694 -187.639
-72.807 -187.639
-76.007 -187.639
-80.273 -187.639
-84.540 -187.639
-88.196 -186.572
-90.330 -185.506
-92.158 -184.287
-93.072 -182.306
-91.701 -180.478
-90.177 -179.564
-87.587 -179.564
-85.149 -179.411
-82.407 -179.259
-81.188 -177.735
-80.578 -175.297
-80.578 -172.707
-80.730 -171.336
-80.883 -168.441
-80.883 -164.479
-80.883 -160.975
-80.883 -157.927
-81.340 -155.032
-83.016 -154.271
-85.301 -154.118
-87.130 -153.356
-89.263 -152.442
-91.091 -152.747
-93.834 -153.966
-96.424 -154.880
-99.929 -156.099
-103.433 -155.947
-106.023 -155.794
-108.309 -154.728
-111.356 -152.899
-113.946 -150.461
-115.622 -148.938
-117.756 -146.195
-119.432 -143.300
-120.193 -140.253
-120.193 -137.663
-120.651 -133.396
-119.432 -129.740
-118.822 -127.911
-118.517 -125.930
-116.841 -123.493
-116.402 -119.872
-115.715 -115.754
-114.572 -111.636
-113.657 -107.748
-112.284 -103.401
-110.683 -99.512
-109.539 -95.852
-107.709 -93.107
-105.193 -88.074
-103.591 -83.728
-101.761 -80.754
-99.702 -77.094
-97.415 -73.892
-95.356 -69.316
-93.755 -66.114
-91.238 -63.140
-88.722 -60.166
-86.206 -57.421
-84.376 -54.218
-81.859 -51.473
-80.944 -48.500
-82.546 -46.670
-85.291 -44.153
-88.036 -41.408
-90.552 -38.434
-91.925 -37.062
-93.984 -34.088
-96.280 -32.736
-98.814 -28.725
-100.577 -25.665
-103.699 -21.811
-105.275 -19.028
-64.894 12.894
-106.911 -16.096
-110.848 -8.855
-112.998 -5.198
-114.437 -3.812
-116.337 -0.223
-118.627 -1.401
-114.859 -1.490
-120.038 -3.013
-130.338 -13.826
-122.249 -6.223
-123.294 -7.222
-124.571 -8.668
-125.627 -10.146
-127.460 -11.589
-150.973 1.044
-132.383 -15.213
-134.072 -16.057
-136.816 -16.057
-139.772 -16.269
-143.572 -14.791
-145.684 -12.257
-148.851 -8.668
-147.795 -10.146
-150.117 -5.079
-151.173 -2.123
-151.240 5.245
-151.029 14.101
-150.906 9.924
-149.984 17.391
-149.572 19.767
-149.361 23.147
-146.046 35.269
-149.006 26.592
-147.817 29.580
-146.393 32.347
-145.261 37.991
-142.874 41.307
-141.427 46.009
-140.703 49.264
-138.895 52.881
-136.363 56.860
-134.193 60.115
-132.384 63.732
-129.491 66.626
-127.682 69.881
-124.789 72.413
-122.618 76.030
-120.810 78.923
-118.640 80.732
-116.108 83.987
-115.508 88.596
-115.028 93.395
-115.028 97.234
-114.548 102.994
-114.548 106.353
-114.697 110.851
-114.697 113.900
-115.428 117.801
-114.819 120.484
-114.697 123.167
-114.331 127.190
-114.697 131.580
-114.453 135.116
-114.453 140.481
-113.843 143.530
-113.843 147.066
-113.721 149.992
-113.477 153.041
-112.868 155.723
-111.404 157.918
-110.795 160.722
-109.575 162.795
-107.624 165.112
-105.308 167.795
-102.991 169.502
-100.552 171.331
-94.455 172.306
-90.554 172.062
-85.676 172.062
-82.262 171.940
-78.604 171.818
-72.751 171.575
-66.898 171.087
-63.118 170.965
-58.973 170.721
-55.071 170.477
-47.145 170.477
-42.267 170.477
-40.560 170.355
-37.634 169.746
-32.513 169.746
-27.026 169.746
-21.661 169.502
-16.318 169.573
-12.124 169.326
-8.671 169.326
-3.737 169.326
0.457 168.833
4.404 168.586
8.351 168.586
13.285 168.586
17.479 168.340
22.412 168.093
25.619 167.600
30.060 167.846
33.513 167.600
36.474 167.600
41.161 167.600
45.108 167.353
48.315 167.106
52.015 166.860
57.689 166.613
61.883 166.366
65.583 166.366
69.283 166.366
72.244 166.366
76.437 166.366
79.398 165.873
83.098 165.873
86.798 165.379
90.992 165.379
94.939 165.379
99.380 165.379
102.093 165.379
105.547 164.639
108.754 163.653
111.714 161.926
115.168 160.939
117.388 159.212
120.348 157.239
122.569 154.525
124.295 152.305
126.269 148.604
127.256 144.411
127.256 139.477
127.009 136.023
125.563 121.648
125.843 125.780
2.720 33.071
125.337 118.373
124.999 113.630
124.773 109.678
124.886 105.725
124.547 103.128
124.321 97.933
122.853 73.427
122.853 76.815
123.079 80.429
123.192 83.478
123.305 86.753
123.643 89.802
124.095 93.867
124.999 70.604
126.919 68.458
128.612 66.538
130.194 63.941
131.323 61.569
133.017 59.310
134.711 56.600
136.292 54.454
138.197 50.767
140.772 47.048
142.489 44.186
143.061 38.178
145.350 33.314
147.067 28.736
147.639 23.872
149.356 19.580
150.501 15.288
151.359 10.996
151.645 6.704
153.076 3.271
153.076 -2.166
152.504 -7.316
152.790 -12.466
151.645 -18.761
149.356 -22.480
147.353 -25.914
143.634 -29.061
138.483 -29.347
134.764 -29.347
131.903 -26.772
127.325 -23.053
124.177 -20.191
120.744 -15.900
118.455 -13.325
116.738 -9.891
115.113 -9.052
113.713 -10.699
112.807 -12.264
112.313 -13.417
111.654 -15.476
110.913 -17.164
110.172 -18.564
109.266 -20.047
108.484 -21.529
107.660 -22.929
106.631 -24.453
105.354 -26.416
104.361 -27.707
103.069 -29.395
102.076 -31.183
100.189 -33.268
98.997 -35.155
96.813 -36.844
95.621 -39.128
94.528 -40.816
93.336 -41.809
91.747 -43.895
89.860 -44.789
88.172 -46.477
87.472 -49.648
87.168 -52.542
86.254 -54.370
85.340 -56.807
86.406 -59.396
87.777 -61.528
88.996 -63.508
90.398 -66.199
93.102 -68.363
93.373 -71.067
94.725 -74.042
96.618 -77.558
97.829 -80.504
99.313 -82.854
100.550 -86.070
101.168 -88.791
102.528 -91.141
103.394 -93.738
104.507 -96.088
105.621 -99.181
106.981 -101.283
107.352 -104.994
107.970 -107.220
109.084 -109.322
109.578 -112.167
110.073 -114.393
110.815 -117.733
111.310 -119.464
112.052 -123.175
111.928 -126.267
111.434 -128.988
111.063 -131.709
112.299 -134.430
113.784 -137.769
115.020 -139.748
115.515 -143.706
83.605 -161.145
85.955 -163.124
88.800 -164.237
91.644 -165.351
94.489 -165.845
98.818 -165.969
101.910 -165.227
105.868 -163.372
109.702 -161.022
111.434 -158.919
112.918 -156.569
115.144 -152.735
115.762 -149.519
115.762 -145.809
81.379 -161.022
80.760 -163.372
80.513 -166.959
80.485 -169.656
80.348 -171.294
80.166 -173.388
80.166 -175.982
79.938 -177.211
79.438 -179.669
79.438 -181.308
79.256 -182.947
80.075 -184.084
81.577 -184.494
83.170 -184.540
84.809 -184.722
87.130 -184.722
88.951 -185.040
90.453 -185.359
91.181 -185.996
91.818 -186.952
-121.495 -4.846
3.869 33.109
4.855 31.014
2.144 31.753
1.774 29.658
0.788 27.317
0.541 24.359
-0.691 22.141
-2.539 19.923
-3.648 17.335
-4.758 15.240
-6.236 13.268
5.224 28.672
5.348 26.701
6.333 24.359
7.196 22.141
7.443 20.416
8.798 17.212
10.154 14.993
11.263 13.515
12.372 11.789
14.344 9.571
16.685 7.106
17.917 5.628
19.396 4.395
20.998 2.917
22.847 1.314
24.202 0.329
25.681 -0.534
27.776 -1.520
30.364 -3.492
32.459 -4.108
34.308 -4.478
37.142 -5.833
40.469 -6.449
41.085 -6.449
43.550 -6.572
45.768 -6.572
47.740 -6.572
50.698 -6.572
52.669 -6.449
54.518 -5.710
56.736 -5.217
59.324 -3.861
61.789 -2.506
63.021 -0.657
65.486 0.575
67.950 3.040
69.306 5.751
70.785 8.339
71.894 10.680
72.510 12.406
72.880 14.377
73.742 16.596
73.989 19.800
73.989 23.497
73.742 26.701
72.510 28.672
72.140 31.877
70.785 35.081
70.045 38.038
69.429 40.380
68.443 42.475
67.088 44.200
66.102 45.432
64.993 46.541
63.391 49.499
62.158 51.471
3.992 45.309
5.101 45.925
5.348 47.774
5.841 49.376
6.457 51.224
7.319 53.073
8.675 53.812
9.291 56.277
10.893 58.002
12.002 58.618
13.235 59.604
15.206 61.083
17.794 62.562
19.520 64.041
21.614 64.534
23.709 65.519
26.790 65.766
29.009 65.766
31.720 65.766
35.910 65.766
38.744 65.396
40.346 65.026
43.180 64.164
44.906 63.301
47.001 62.069
50.451 60.097
52.546 59.481
54.395 57.879
55.997 56.154
57.599 54.428
59.571 53.073
48.726 61.083
2.267 46.665
1.774 48.760
1.651 50.731
0.541 52.826
-0.444 55.168
-1.430 57.509
-2.663 58.742
-3.895 60.344
-5.620 61.699
-8.455 63.301
-10.550 64.780
-12.398 65.889
-13.754 66.382
-15.725 66.875
-17.327 66.998
-20.162 68.107
-22.010 68.231
-24.598 68.231
-27.433 67.984
-30.760 67.738
-33.718 66.998
-36.798 65.889
-39.017 65.396
-40.372 64.410
-42.098 63.424
-45.302 61.822
-48.752 59.974
-58.488 3.409
-57.132 2.177
-54.791 0.822
-52.449 -0.904
-51.463 -1.150
-48.013 -2.506
-45.671 -3.368
-42.960 -3.368
-40.495 -3.368
-36.059 -3.492
-34.457 -2.506
-31.869 -2.875
-29.528 -2.875
-26.324 -1.273
-22.750 -0.288
-20.408 0.945
-17.697 2.917
-15.849 4.272
-14.247 5.751
-11.166 7.723
-9.317 9.818
-7.469 11.543
-60.213 5.135
-61.568 6.860
-62.308 8.216
-109.635 -11.698
-62.974 9.400
-65.389 14.695
-66.521 16.945
-66.991 19.800
-67.114 22.634
-66.991 25.715
-66.991 28.056
-66.744 31.630
-65.389 32.986
-65.019 35.574
-64.033 39.147
-63.417 41.489
-61.692 43.707
-60.459 45.802
-59.227 48.267
-57.995 49.499
-56.146 51.348
-54.544 53.566
-53.189 55.045
-52.079 56.770
-49.861 58.988
-50.847 58.125
-46.904 60.837
126.300 130.495
