0.905059 0.498272
0.898727 0.505126
0.893577 0.507157
0.903235 0.527833
0.890505 0.540306
0.907436 0.545135
0.888469 0.551846
0.902731 0.551183
0.889828 0.570008
0.888378 0.566082
0.890478 0.58819
0.890795 0.600499
0.87855 0.591371
0.876802 0.598418
0.878609 0.606014
0.87644 0.631213
0.881991 0.631557
0.880977 0.646097
0.873892 0.641635
0.871741 0.662147
0.857844 0.653163
0.865395 0.676966
0.868204 0.671378
0.851283 0.67715
0.851258 0.688995
0.846473 0.695659
0.845606 0.70759
0.844115 0.709238
0.842409 0.719325
0.820754 0.718989
0.816161 0.737163
0.818203 0.747244
0.806581 0.751668
0.805615 0.753841
0.80227 0.762548
0.79738 0.764951
0.786746 0.783041
0.792461 0.77756
0.777491 0.785274
0.770801 0.792742
0.758632 0.804736
0.752433 0.800848
0.757873 0.811961
0.754896 0.811736
0.748314 0.809582
0.73461 0.833155
0.725778 0.822841
0.727815 0.830433
0.722276 0.841717
0.716707 0.850566
0.706212 0.842771
0.69639 0.843854
0.689997 0.84885
0.66828 0.866198
0.675647 0.854755
0.655577 0.875186
0.659027 0.877029
0.646428 0.86309
0.643352 0.875953
0.640416 0.879915
0.622562 0.887909
0.623992 0.889594
0.605218 0.876205
0.590476 0.892481
0.599521 0.898517
0.590259 0.897264
0.570087 0.899041
0.566813 0.895405
0.56712 0.903516
0.544162 0.901252
0.538572 0.905202
0.541414 0.890939
0.525954 0.899978
0.519986 0.903197
0.514391 0.898653
0.499155 0.895206
0.497571 0.894641
0.485558 0.896613
0.46819 0.8951
0.472251 0.894836
0.454544 0.893682
0.452966 0.894784
0.433867 0.893005
0.427203 0.886113
0.423056 0.894978
0.421744 0.901152
0.417405 0.887102
0.404256 0.896611
0.39797 0.882874
0.374581 0.882208
0.378193 0.884414
0.369347 0.869336
0.370409 0.865448
0.345524 0.862885
0.342855 0.862765
0.338557 0.869368
0.327827 0.854275
0.320678 0.864444
0.311574 0.851798
0.315062 0.852996
0.306595 0.846696
0.291403 0.844863
0.276923 0.836489
0.278584 0.839365
0.277068 0.830575
0.260023 0.821736
0.255188 0.823163
0.247349 0.80461
0.241168 0.811572
0.238022 0.797654
0.230193 0.788004
0.232526 0.798501
0.222459 0.782907
0.216749 0.788095
0.209635 0.768079
0.205192 0.763575
0.188721 0.757617
0.190619 0.75182
0.193901 0.754843
0.175777 0.736785
0.167032 0.74333
0.172814 0.723756
0.157399 0.730158
0.166015 0.713633
0.151341 0.699522
0.163485 0.690389
0.14239 0.68481
0.153401 0.69481
0.142546 0.677289
0.130457 0.667652
0.125305 0.659516
0.128138 0.655337
0.121072 0.641602
0.122428 0.641315
0.115582 0.628446
0.122595 0.616206
0.11195 0.616079
0.114671 0.609872
0.106986 0.60523
0.113251 0.598513
0.102388 0.590245
0.107239 0.569934
0.101442 0.571479
0.095159 0.560103
0.111857 0.549297
0.0956685 0.544115
0.105358 0.527794
0.108888 0.534706
0.0946625 0.526371
0.0941766 0.511421
0.0984585 0.507283
0.0999806 0.493577
0.0950257 0.477297
0.091371 0.480141
0.095106 0.471571
0.110908 0.449636
0.0946599 0.457877
0.0984465 0.443233
0.0981328 0.429319
0.105517 0.424105
0.11285 0.423635
0.109894 0.416218
0.105169 0.397235
0.105991 0.395647
0.119027 0.39209
0.1167 0.377562
0.127472 0.36359
0.122296 0.352005
0.137853 0.347516
0.132049 0.351573
0.141249 0.334228
0.134139 0.324145
0.146792 0.328209
0.149533 0.313781
0.151492 0.301085
0.14542 0.302891
0.166197 0.296247
0.153848 0.278836
0.168307 0.2732
0.171184 0.278062
0.181881 0.269759
0.184004 0.250891
0.195737 0.250229
0.197078 0.240117
0.2002 0.237683
0.209024 0.236495
0.213095 0.218462
0.211304 0.22429
0.215631 0.217037
0.236151 0.199976
0.228792 0.209335
0.229072 0.197232
0.250854 0.192679
0.25155 0.181341
0.266669 0.180443
0.269557 0.186148
0.269325 0.179572
0.273517 0.176657
0.284819 0.159059
0.285346 0.150437
0.30036 0.147549
0.298176 0.140939
0.306928 0.148145
0.324405 0.135835
0.336717 0.12858
0.337691 0.133549
0.346092 0.134865
0.34452 0.131049
0.364666 0.126532
0.370964 0.126077
0.381153 0.121607
0.380261 0.126901
0.38658 0.109437
0.406845 0.112737
0.405531 0.11949
0.422434 0.117965
0.416006 0.104256
0.439832 0.103251
0.448549 0.104382
0.450032 0.106711
0.465249 0.0941456
0.45828 0.0982433
0.469261 0.0954184
0.474696 0.110143
0.48545 0.0982215
0.505104 0.107132
0.502792 0.0960126
0.517666 0.108936
0.519167 0.0938235
0.530979 0.108515
0.539154 0.0973733
0.559233 0.0990845
0.565456 0.101283
0.560057 0.113062
0.574587 0.10452
0.580702 0.106035
0.597444 0.111188
0.608157 0.108908
0.615382 0.104799
0.618839 0.121332
0.63242 0.114147
0.63348 0.129544
0.634212 0.1189
0.65283 0.121755
0.654402 0.133058
0.659809 0.1442
0.678968 0.134371
0.683732 0.150966
0.689228 0.137872
0.692218 0.150748
0.694077 0.161632
0.706433 0.16364
0.712128 0.162861
0.725271 0.171085
0.734344 0.172496
0.734103 0.172118
0.747811 0.186383
0.74373 0.189027
0.75127 0.201186
0.755147 0.195541
0.763032 0.193149
0.77576 0.210699
0.771892 0.207842
0.782665 0.211492
0.791687 0.218991
0.798632 0.22743
0.810106 0.244551
0.8164 0.250142
0.812381 0.258125
0.816927 0.261143
0.830497 0.263855
0.837199 0.270887
0.838514 0.272921
0.833243 0.292243
0.84467 0.289767
0.85396 0.301494
0.840853 0.30617
0.851395 0.310016
0.86008 0.331295
0.863091 0.319737
0.862619 0.335848
0.872124 0.345514
0.881358 0.358453
0.880466 0.357546
0.887062 0.372386
0.881296 0.366954
0.88414 0.38078
0.885871 0.387645
0.877539 0.398436
0.890608 0.417602
0.8814 0.408357
0.899967 0.432696
0.890095 0.431138
0.890794 0.436174
0.902275 0.455325
0.893734 0.456936
0.898541 0.466886
0.897325 0.47972
0.903392 0.4859
0.890433 0.500329
0.892031 0.5086
0.808702 0.500645
0.792958 0.513682
0.800467 0.505155
0.805694 0.524613
0.797395 0.524782
0.806594 0.546194
0.787167 0.552011
0.801424 0.561109
0.791588 0.561487
0.795874 0.573067
0.78706 0.571108
0.784794 0.58157
0.792749 0.580018
0.790696 0.588928
0.782067 0.59665
0.772135 0.61761
0.783111 0.619932
0.772598 0.626073
0.76366 0.626774
0.770525 0.641204
0.766376 0.648983
0.76109 0.655476
0.749819 0.652698
0.750363 0.666961
0.740915 0.663512
0.75248 0.670318
0.734483 0.690363
0.730446 0.696888
0.725469 0.691346
0.731199 0.692
0.709494 0.714574
0.715548 0.707657
0.717352 0.717183
0.69363 0.718662
0.699064 0.735647
0.686492 0.74038
0.683151 0.730489
0.684435 0.7362
0.666708 0.738549
0.662734 0.75287
0.661931 0.755896
0.645376 0.751787
0.65471 0.764547
0.637426 0.774411
0.640928 0.766086
0.636647 0.769887
0.616064 0.775337
0.605006 0.783029
0.603757 0.777187
0.590693 0.790776
0.59893 0.779703
0.581263 0.785251
0.57111 0.786667
0.578544 0.791553
0.56358 0.802646
0.555919 0.798382
0.553956 0.793724
0.548629 0.789665
0.531854 0.797031
0.517696 0.795263
0.519239 0.802178
0.518112 0.808918
0.509104 0.797731
0.491902 0.791542
0.488083 0.80586
0.47671 0.807993
0.478648 0.798261
0.470499 0.79544
0.466488 0.796507
0.443023 0.791465
0.448718 0.789926
0.434677 0.800013
0.42853 0.794152
0.413354 0.783316
0.411913 0.783458
0.409936 0.777924
0.392066 0.78001
0.403039 0.782953
0.377144 0.773154
0.373652 0.778701
0.36693 0.771873
0.360267 0.76372
0.354092 0.763524
0.355159 0.768507
0.355631 0.761998
0.332411 0.753913
0.330148 0.758418
0.328325 0.752402
0.326557 0.737495
0.304848 0.740296
0.299871 0.732678
0.29662 0.719107
0.299677 0.723218
0.292288 0.714114
0.286938 0.70627
0.290698 0.708271
0.284738 0.707156
0.262598 0.699609
0.258591 0.680923
0.258471 0.68023
0.251962 0.668314
0.253129 0.66503
0.25259 0.659271
0.247684 0.648275
0.235261 0.647112
0.239538 0.63615
0.236664 0.646488
0.220991 0.633413
0.227922 0.618264
0.217121 0.612275
0.220461 0.614427
0.223536 0.601629
0.210816 0.60617
0.214637 0.584761
0.220005 0.588258
0.203021 0.583654
0.213103 0.562806
0.200629 0.558025
0.194637 0.555607
0.20229 0.537217
0.205426 0.528108
0.202259 0.533059
0.196481 0.518193
0.204403 0.511825
0.20562 0.512862
0.196632 0.493439
0.192383 0.485964
0.210218 0.476006
0.19691 0.484088
0.194622 0.473843
0.198373 0.453739
0.208459 0.447088
0.198618 0.452935
0.197205 0.431059
0.206615 0.440339
0.218306 0.42345
0.209363 0.425059
0.204281 0.417502
0.22486 0.41023
0.224466 0.399291
0.222766 0.393518
0.216007 0.377221
0.228398 0.377659
0.224751 0.36189
0.235653 0.354158
0.246626 0.364416
0.244517 0.35329
0.250165 0.351371
0.24876 0.343498
0.25079 0.324447
0.249453 0.333345
0.257473 0.322963
0.259935 0.31912
0.262401 0.297354
0.277845 0.291238
0.274287 0.291764
0.289849 0.282556
0.285928 0.283861
0.304692 0.271718
0.296646 0.280006
0.300191 0.264678
0.320246 0.273896
0.319805 0.267502
0.319094 0.246814
0.324385 0.253585
0.334963 0.237599
0.354765 0.238415
0.357259 0.240475
0.350783 0.24499
0.35925 0.238843
0.362377 0.233032
0.382936 0.233196
0.37838 0.215111
0.383171 0.211237
0.408628 0.212813
0.41167 0.218371
0.405016 0.216062
0.431519 0.216652
0.437136 0.198744
0.44283 0.210348
0.448083 0.213736
0.450138 0.206225
0.466115 0.200475
0.472196 0.206687
0.477728 0.208199
0.484763 0.203883
0.497826 0.207963
0.497038 0.19293
0.502565 0.196582
0.512344 0.19235
0.520534 0.205606
0.533698 0.209866
0.527874 0.198465
0.544884 0.201668
0.542965 0.208892
0.547668 0.203291
0.566314 0.203774
0.565763 0.200207
0.581261 0.20353
0.576177 0.216281
0.601125 0.223166
0.598575 0.208188
0.598433 0.2271
0.623267 0.223953
0.621834 0.220924
0.628457 0.233694
0.636328 0.233186
0.647375 0.230735
0.652463 0.230348
0.655917 0.251186
0.660073 0.238026
0.661415 0.250127
0.672235 0.251647
0.683171 0.262522
0.695035 0.269646
0.685362 0.266976
0.688779 0.272327
0.69297 0.280478
0.716281 0.279507
0.711327 0.282237
0.723836 0.290086
0.719931 0.294755
0.730528 0.296646
0.741139 0.320241
0.731464 0.318213
0.734368 0.320507
0.7506 0.324319
0.75643 0.338465
0.748743 0.333467
0.758623 0.349352
0.762387 0.359143
0.761208 0.3598
0.778984 0.366482
0.775894 0.382894
0.784295 0.372739
0.776945 0.387317
0.787426 0.394655
0.791566 0.408738
0.779199 0.415878
0.790149 0.421536
0.78945 0.417538
0.787043 0.439013
0.798909 0.44512
0.792447 0.440196
0.791275 0.454737
0.806072 0.471383
0.801109 0.471961
0.793166 0.48052
0.803169 0.4863
0.793575 0.492574
0.798822 0.494475
0.704504 0.49645
0.705427 0.50682
0.707439 0.514347
0.702985 0.520172
0.69942 0.531071
0.70612 0.541009
0.701136 0.537188
0.694997 0.542789
0.700085 0.55612
0.69137 0.553767
0.680794 0.555997
0.695525 0.568625
0.68242 0.579361
0.689687 0.580769
0.674352 0.578833
0.683495 0.588419
0.670457 0.596899
0.66716 0.597606
0.672578 0.597909
0.667958 0.615214
0.663911 0.61044
0.655658 0.615183
0.6629 0.628121
0.652529 0.631004
0.638253 0.627072
0.633532 0.63762
0.635728 0.648065
0.632343 0.65588
0.637291 0.661531
0.618811 0.662642
0.623284 0.663557
0.603499 0.659675
0.598237 0.660971
0.594907 0.664475
0.590921 0.673658
0.585019 0.676111
0.589291 0.672235
0.588806 0.679245
0.580944 0.679189
0.573283 0.679438
0.5597 0.691627
0.561772 0.692868
0.548941 0.693751
0.548984 0.703587
0.542342 0.697176
0.532543 0.691445
0.5326 0.697242
0.516578 0.703802
0.508795 0.703407
0.513025 0.694154
0.493027 0.691881
0.496226 0.700793
0.496908 0.698606
0.476495 0.708644
0.468582 0.700716
0.468241 0.707371
0.470872 0.70459
0.458292 0.688921
0.441183 0.688645
0.450038 0.697589
0.433793 0.698969
0.429017 0.695749
0.435143 0.685932
0.425578 0.678386
0.412768 0.679909
0.40023 0.679527
0.408482 0.674216
0.407319 0.663722
0.39645 0.673405
0.382646 0.665684
0.376756 0.655033
0.370659 0.65122
0.365123 0.663035
0.376835 0.642571
0.369373 0.640821
0.360886 0.641301
0.353279 0.642227
0.356412 0.63184
0.338422 0.628437
0.332621 0.618823
0.344685 0.609018
0.343747 0.621338
0.339994 0.615168
0.321779 0.597216
0.319957 0.603322
0.318154 0.600488
0.328001 0.577239
0.310003 0.58512
0.31664 0.566682
0.316597 0.558177
0.30051 0.570829
0.301621 0.555517
0.301777 0.544536
0.306882 0.543146
0.298561 0.535576
0.293097 0.537371
0.296987 0.530977
0.293367 0.526863
0.297495 0.52059
0.294981 0.509757
0.296038 0.496008
0.295157 0.488919
0.29078 0.492961
0.306359 0.478501
0.294931 0.475309
0.296807 0.464908
0.30634 0.468769
0.301807 0.455311
0.314469 0.442487
0.311527 0.436812
0.315379 0.446594
0.310845 0.439412
0.315342 0.423847
0.316886 0.425882
0.313716 0.423523
0.329889 0.40168
0.325703 0.395637
0.323011 0.408028
0.335611 0.393662
0.326707 0.39128
0.34125 0.383824
0.333301 0.371702
0.340092 0.369147
0.357378 0.364795
0.357805 0.366339
0.357626 0.35828
0.369797 0.363652
0.375741 0.357868
0.376397 0.337848
0.378035 0.344952
0.382292 0.338396
0.395358 0.33933
0.400843 0.337007
0.406967 0.330103
0.393914 0.330662
0.403968 0.327845
0.407831 0.316226
0.417952 0.321206
0.4361 0.304803
0.430448 0.311039
0.429504 0.31393
0.448827 0.305202
0.444218 0.305756
0.464272 0.307141
0.468543 0.309321
0.47744 0.301393
0.478907 0.295056
0.487462 0.309122
0.485749 0.299643
0.48986 0.296827
0.499905 0.309346
0.499059 0.291332
0.520132 0.299945
0.521084 0.304192
0.532386 0.301396
0.532075 0.29864
0.541489 0.305345
0.548252 0.3022
0.545794 0.303616
0.562951 0.298077
0.555494 0.315799
0.57635 0.318481
0.565178 0.314071
0.573521 0.31297
0.58128 0.323362
0.596425 0.314974
0.595026 0.325
0.605471 0.319594
0.601522 0.32196
0.616288 0.335824
0.615597 0.333833
0.627294 0.346308
0.625023 0.339655
0.623728 0.357766
0.631757 0.356707
0.63375 0.355199
0.641797 0.353417
0.642221 0.363024
0.654314 0.36449
0.657829 0.38623
0.670651 0.386389
0.659133 0.394708
0.673845 0.401294
0.675202 0.403877
0.679269 0.407659
0.686429 0.414705
0.687036 0.4055
0.681181 0.426285
0.676792 0.434532
0.693884 0.424073
0.695508 0.433279
0.70018 0.436905
0.698906 0.457296
0.694785 0.465943
0.69715 0.464607
0.687662 0.478645
0.705413 0.4665
0.70414 0.490912
0.68995 0.491797
0.704603 0.490513
0.640317 0.502722
0.659347 0.504936
0.658195 0.510501
0.654146 0.526745
0.653881 0.528787
0.642745 0.539636
0.64078 0.533105
0.640945 0.538286
0.638259 0.544392
0.638484 0.565106
0.633902 0.564747
0.644279 0.557034
0.635633 0.56354
0.620603 0.585487
0.624364 0.581996
0.621843 0.582602
0.60776 0.594377
0.623441 0.596898
0.60577 0.593895
0.596667 0.611469
0.608543 0.601475
0.594828 0.607848
0.597343 0.625493
0.586556 0.62865
0.589102 0.630616
0.581779 0.622139
0.575236 0.623872
0.566029 0.641835
0.555332 0.636067
0.548679 0.644273
0.536353 0.646681
0.54076 0.63806
0.53797 0.650364
0.527973 0.647349
0.514655 0.65316
0.514513 0.642844
0.515156 0.656582
0.503351 0.643471
0.489975 0.657662
0.488575 0.641842
0.48749 0.643108
0.485432 0.656632
0.46932 0.645676
0.473692 0.644989
0.46559 0.640911
0.459948 0.638118
0.440685 0.632343
0.4345 0.633142
0.430154 0.643306
0.428425 0.624389
0.41936 0.623466
0.426464 0.627213
0.404517 0.628214
0.401369 0.617472
0.406738 0.619026
0.405304 0.61981
0.399709 0.602926
0.383952 0.607838
0.381627 0.599184
0.388938 0.589364
0.372019 0.591353
0.374197 0.579784
0.364062 0.57279
0.371916 0.576761
0.373054 0.563781
0.353666 0.559315
0.351618 0.548383
0.35236 0.544463
0.35231 0.549126
0.350652 0.544512
0.348225 0.527688
0.351408 0.51814
0.352235 0.509674
0.355872 0.518407
0.345492 0.501618
0.345155 0.490784
0.355803 0.498339
0.350664 0.484361
0.356524 0.48877
0.349106 0.469338
0.346582 0.478398
0.347686 0.463929
0.362253 0.456417
0.355125 0.443812
0.361324 0.445746
0.364122 0.437233
0.370263 0.424011
0.360889 0.418907
0.375028 0.413639
0.367384 0.425832
0.386123 0.409173
0.391851 0.408135
0.378541 0.39994
0.393325 0.398095
0.397223 0.396195
0.395691 0.390442
0.408634 0.376867
0.41695 0.377077
0.409114 0.367033
0.429293 0.369332
0.430595 0.363243
0.435633 0.370889
0.434343 0.354817
0.4382 0.354493
0.45332 0.35925
0.444832 0.365579
0.453806 0.359843
0.46859 0.345929
0.476911 0.343679
0.486311 0.360511
0.490585 0.348086
0.491743 0.340585
0.492767 0.353692
0.50886 0.346247
0.516295 0.352209
0.521015 0.341488
0.516185 0.347077
0.52152 0.344938
0.529937 0.355071
0.541312 0.349381
0.551456 0.367019
0.559302 0.353205
0.549241 0.355743
0.571056 0.356865
0.56946 0.369358
0.581411 0.367538
0.574517 0.378032
0.576665 0.385044
0.597771 0.372367
0.601969 0.392193
0.604998 0.381493
0.599523 0.402671
0.603244 0.389019
0.613236 0.409584
0.607686 0.414963
0.615445 0.407799
0.627119 0.42177
0.621329 0.413191
0.638703 0.432581
0.626652 0.431937
0.632603 0.439828
0.634438 0.442964
0.63712 0.452326
0.646233 0.4467
0.644971 0.458947
0.643542 0.463225
0.65131 0.477041
0.655109 0.472971
0.644148 0.483695
0.65562 0.503082
0.657772 0.497973
