0.9 0.5
0.899912 0.508377
0.899649 0.51675
0.899211 0.525116
0.898597 0.533471
0.897809 0.541811
0.896846 0.550133
0.895709 0.558433
0.894398 0.566707
0.892915 0.574953
0.891259 0.583165
0.889432 0.59134
0.887433 0.599476
0.885265 0.607568
0.882928 0.615613
0.880423 0.623607
0.877751 0.631547
0.874913 0.639429
0.871911 0.64725
0.868745 0.655006
0.865418 0.662695
0.861931 0.670312
0.858285 0.677854
0.854481 0.685318
0.850523 0.692701
0.84641 0.7
0.842146 0.707211
0.837731 0.714331
0.833168 0.721357
0.82846 0.728285
0.823607 0.735114
0.818612 0.74184
0.813477 0.748459
0.808205 0.75497
0.802798 0.761368
0.797258 0.767652
0.791587 0.773819
0.785789 0.779865
0.779865 0.785789
0.773819 0.791587
0.767652 0.797258
0.761368 0.802798
0.75497 0.808205
0.748459 0.813477
0.74184 0.818612
0.735114 0.823607
0.728285 0.82846
0.721357 0.833168
0.714331 0.837731
0.707211 0.842146
0.7 0.84641
0.692701 0.850523
0.685318 0.854481
0.677854 0.858285
0.670312 0.861931
0.662695 0.865418
0.655006 0.868745
0.64725 0.871911
0.639429 0.874913
0.631547 0.877751
0.623607 0.880423
0.615613 0.882928
0.607568 0.885265
0.599476 0.887433
0.59134 0.889432
0.583165 0.891259
0.574953 0.892915
0.566707 0.894398
0.558433 0.895709
0.550133 0.896846
0.541811 0.897809
0.533471 0.898597
0.525116 0.899211
0.51675 0.899649
0.508377 0.899912
0.5 0.9
0.491623 0.899912
0.48325 0.899649
0.474884 0.899211
0.466529 0.898597
0.458189 0.897809
0.449867 0.896846
0.441567 0.895709
0.433293 0.894398
0.425047 0.892915
0.416835 0.891259
0.40866 0.889432
0.400524 0.887433
0.392432 0.885265
0.384387 0.882928
0.376393 0.880423
0.368453 0.877751
0.360571 0.874913
0.35275 0.871911
0.344994 0.868745
0.337305 0.865418
0.329688 0.861931
0.322146 0.858285
0.314682 0.854481
0.307299 0.850523
0.3 0.84641
0.292789 0.842146
0.285669 0.837731
0.278643 0.833168
0.271715 0.82846
0.264886 0.823607
0.25816 0.818612
0.251541 0.813477
0.24503 0.808205
0.238632 0.802798
0.232348 0.797258
0.226181 0.791587
0.220135 0.785789
0.214211 0.779865
0.208413 0.773819
0.202742 0.767652
0.197202 0.761368
0.191795 0.75497
0.186523 0.748459
0.181388 0.74184
0.176393 0.735114
0.17154 0.728285
0.166832 0.721357
0.162269 0.714331
0.157854 0.707211
0.15359 0.7
0.149477 0.692701
0.145519 0.685318
0.141715 0.677854
0.138069 0.670312
0.134582 0.662695
0.131255 0.655006
0.128089 0.64725
0.125087 0.639429
0.122249 0.631547
0.119577 0.623607
0.117072 0.615613
0.114735 0.607568
0.112567 0.599476
0.110568 0.59134
0.108741 0.583165
0.107085 0.574953
0.105602 0.566708
0.104291 0.558433
0.103154 0.550133
0.102191 0.541811
0.101403 0.533471
0.100789 0.525116
0.100351 0.51675
0.100088 0.508377
0.1 0.5
0.100088 0.491623
0.100351 0.48325
0.100789 0.474884
0.101403 0.466529
0.102191 0.458189
0.103154 0.449867
0.104291 0.441567
0.105602 0.433293
0.107085 0.425047
0.108741 0.416835
0.110568 0.40866
0.112567 0.400524
0.114735 0.392432
0.117072 0.384387
0.119577 0.376393
0.122249 0.368453
0.125087 0.360571
0.128089 0.35275
0.131255 0.344994
0.134582 0.337305
0.138069 0.329688
0.141715 0.322146
0.145519 0.314682
0.149477 0.307299
0.15359 0.3
0.157854 0.292789
0.162269 0.285669
0.166832 0.278643
0.17154 0.271715
0.176393 0.264886
0.181388 0.25816
0.186523 0.251541
0.191795 0.24503
0.197202 0.238632
0.202742 0.232348
0.208413 0.226181
0.214211 0.220135
0.220135 0.214211
0.226181 0.208413
0.232348 0.202742
0.238632 0.197202
0.24503 0.191795
0.251541 0.186523
0.25816 0.181388
0.264886 0.176393
0.271715 0.17154
0.278643 0.166832
0.285669 0.162269
0.292789 0.157854
0.3 0.15359
0.307299 0.149477
0.314682 0.145519
0.322146 0.141715
0.329688 0.138069
0.337305 0.134582
0.344994 0.131255
0.35275 0.128089
0.360571 0.125087
0.368453 0.122249
0.376393 0.119577
0.384387 0.117072
0.392432 0.114735
0.400524 0.112567
0.40866 0.110568
0.416835 0.108741
0.425047 0.107085
0.433292 0.105602
0.441567 0.104291
0.449867 0.103154
0.458189 0.102191
0.466529 0.101403
0.474884 0.100789
0.48325 0.100351
0.491623 0.100088
0.5 0.1
0.508377 0.100088
0.51675 0.100351
0.525116 0.100789
0.533471 0.101403
0.541811 0.102191
0.550133 0.103154
0.558433 0.104291
0.566707 0.105602
0.574953 0.107085
0.583165 0.108741
0.59134 0.110568
0.599476 0.112567
0.607568 0.114735
0.615613 0.117072
0.623607 0.119577
0.631547 0.122249
0.639429 0.125087
0.64725 0.128089
0.655006 0.131255
0.662695 0.134582
0.670312 0.138069
0.677854 0.141715
0.685318 0.145519
0.692701 0.149477
0.7 0.15359
0.707211 0.157854
0.714331 0.162269
0.721357 0.166832
0.728285 0.17154
0.735114 0.176393
0.74184 0.181388
0.748459 0.186523
0.75497 0.191795
0.761368 0.197202
0.767652 0.202742
0.773819 0.208413
0.779865 0.214211
0.785789 0.220135
0.791587 0.226181
0.797258 0.232348
0.802798 0.238632
0.808205 0.24503
0.813477 0.251541
0.818612 0.25816
0.823607 0.264886
0.82846 0.271715
0.833168 0.278643
0.837731 0.285669
0.842146 0.292789
0.84641 0.3
0.850523 0.307299
0.854481 0.314682
0.858285 0.322146
0.861931 0.329688
0.865418 0.337305
0.868745 0.344994
0.871911 0.35275
0.874913 0.360571
0.877751 0.368453
0.880423 0.376393
0.882928 0.384387
0.885265 0.392432
0.887433 0.400524
0.889432 0.40866
0.891259 0.416835
0.892915 0.425047
0.894398 0.433292
0.895709 0.441567
0.896846 0.449867
0.897809 0.458189
0.898597 0.466529
0.899211 0.474884
0.899649 0.48325
0.899912 0.491623
0.9 0.5
0.8 0.5
0.799905 0.507539
0.799621 0.515073
0.799148 0.522598
0.798485 0.530109
0.797634 0.5376
0.796596 0.545068
0.795369 0.552507
0.793957 0.559913
0.792358 0.567281
0.790575 0.574607
0.788608 0.581886
0.786459 0.589112
0.784129 0.596283
0.78162 0.603393
0.778933 0.610437
0.77607 0.617412
0.773032 0.624313
0.769822 0.631135
0.766441 0.637874
0.762892 0.644526
0.759177 0.651087
0.755298 0.657552
0.751258 0.663918
0.74706 0.670181
0.742705 0.676336
0.738197 0.682379
0.733539 0.688307
0.728733 0.694117
0.723782 0.699804
0.718691 0.705364
0.713461 0.710795
0.708096 0.716093
0.7026 0.721254
0.696976 0.726275
0.691227 0.731154
0.685358 0.735887
0.679371 0.74047
0.673272 0.744902
0.667063 0.749179
0.660748 0.753298
0.654332 0.757258
0.647818 0.761055
0.641211 0.764687
0.634515 0.768152
0.627734 0.771448
0.620872 0.774572
0.613934 0.777523
0.606924 0.780299
0.599846 0.782897
0.592705 0.785317
0.585506 0.787557
0.578252 0.789614
0.57095 0.79149
0.563602 0.79318
0.556214 0.794686
0.548791 0.796006
0.541337 0.797138
0.533857 0.798083
0.526355 0.79884
0.518837 0.799408
0.511307 0.799787
0.50377 0.799976
0.49623 0.799976
0.488693 0.799787
0.481163 0.799408
0.473645 0.79884
0.466143 0.798083
0.458663 0.797138
0.451209 0.796006
0.443786 0.794686
0.436398 0.79318
0.42905 0.79149
0.421748 0.789614
0.414494 0.787557
0.407295 0.785317
0.400154 0.782897
0.393076 0.780299
0.386066 0.777523
0.379128 0.774572
0.372266 0.771448
0.365485 0.768152
0.358789 0.764687
0.352182 0.761055
0.345668 0.757258
0.339252 0.753298
0.332937 0.749179
0.326728 0.744902
0.320629 0.74047
0.314642 0.735887
0.308773 0.731154
0.303024 0.726275
0.2974 0.721254
0.291904 0.716093
0.286539 0.710795
0.281309 0.705364
0.276218 0.699804
0.271267 0.694117
0.266461 0.688307
0.261803 0.682379
0.257295 0.676336
0.25294 0.670181
0.248742 0.663918
0.244702 0.657552
0.240823 0.651087
0.237108 0.644526
0.233559 0.637874
0.230178 0.631135
0.226968 0.624313
0.22393 0.617412
0.221067 0.610437
0.21838 0.603393
0.215871 0.596283
0.213541 0.589112
0.211392 0.581886
0.209425 0.574607
0.207642 0.567281
0.206043 0.559913
0.204631 0.552507
0.203404 0.545068
0.202366 0.5376
0.201515 0.530109
0.200852 0.522598
0.200379 0.515073
0.200095 0.507539
0.2 0.5
0.200095 0.492461
0.200379 0.484927
0.200852 0.477402
0.201515 0.469891
0.202366 0.4624
0.203404 0.454932
0.204631 0.447493
0.206043 0.440087
0.207642 0.432719
0.209425 0.425393
0.211392 0.418114
0.213541 0.410888
0.215871 0.403717
0.21838 0.396607
0.221067 0.389563
0.22393 0.382588
0.226968 0.375687
0.230178 0.368865
0.233559 0.362126
0.237108 0.355474
0.240823 0.348913
0.244702 0.342448
0.248742 0.336082
0.25294 0.329819
0.257295 0.323664
0.261803 0.317621
0.266461 0.311693
0.271267 0.305883
0.276218 0.300196
0.281309 0.294636
0.286539 0.289205
0.291904 0.283907
0.2974 0.278746
0.303024 0.273725
0.308773 0.268846
0.314642 0.264113
0.320629 0.25953
0.326728 0.255098
0.332937 0.250821
0.339252 0.246702
0.345668 0.242742
0.352182 0.238945
0.358789 0.235313
0.365485 0.231848
0.372266 0.228552
0.379128 0.225428
0.386066 0.222477
0.393076 0.219701
0.400154 0.217103
0.407295 0.214683
0.414494 0.212443
0.421748 0.210386
0.42905 0.20851
0.436398 0.20682
0.443786 0.205314
0.451209 0.203994
0.458663 0.202862
0.466143 0.201917
0.473645 0.20116
0.481163 0.200592
0.488693 0.200213
0.49623 0.200024
0.50377 0.200024
0.511307 0.200213
0.518837 0.200592
0.526355 0.20116
0.533857 0.201917
0.541337 0.202862
0.548791 0.203994
0.556214 0.205314
0.563602 0.20682
0.57095 0.20851
0.578252 0.210386
0.585506 0.212443
0.592705 0.214683
0.599846 0.217103
0.606924 0.219701
0.613934 0.222477
0.620872 0.225428
0.627734 0.228552
0.634515 0.231848
0.641211 0.235313
0.647818 0.238945
0.654332 0.242742
0.660748 0.246702
0.667063 0.250821
0.673272 0.255098
0.679371 0.25953
0.685358 0.264113
0.691227 0.268846
0.696976 0.273725
0.7026 0.278746
0.708096 0.283907
0.713461 0.289205
0.718691 0.294636
0.723782 0.300196
0.728733 0.305883
0.733539 0.311693
0.738197 0.317621
0.742705 0.323664
0.74706 0.329819
0.751258 0.336082
0.755298 0.342448
0.759177 0.348913
0.762892 0.355474
0.766441 0.362126
0.769822 0.368865
0.773032 0.375687
0.77607 0.382588
0.778933 0.389563
0.78162 0.396607
0.784129 0.403717
0.786459 0.410888
0.788608 0.418114
0.790575 0.425393
0.792358 0.432719
0.793957 0.440087
0.795369 0.447493
0.796596 0.454932
0.797634 0.4624
0.798485 0.469891
0.799148 0.477402
0.799621 0.484927
0.799905 0.492461
0.8 0.5
0.7 0.5
0.699901 0.506282
0.699605 0.512558
0.699112 0.518822
0.698423 0.525067
0.697538 0.531287
0.696457 0.537476
0.695183 0.543629
0.693717 0.549738
0.692059 0.555798
0.690211 0.561803
0.688176 0.567748
0.685955 0.573625
0.683551 0.57943
0.680965 0.585156
0.678201 0.590798
0.675261 0.596351
0.672148 0.601808
0.668866 0.607165
0.665416 0.612417
0.661803 0.617557
0.658031 0.622581
0.654103 0.627485
0.650022 0.632262
0.645794 0.636909
0.641421 0.641421
0.636909 0.645794
0.632262 0.650022
0.627485 0.654103
0.622581 0.658031
0.617557 0.661803
0.612417 0.665416
0.607165 0.668866
0.601808 0.672148
0.596351 0.675261
0.590798 0.678201
0.585156 0.680965
0.57943 0.683551
0.573625 0.685955
0.567748 0.688176
0.561803 0.690211
0.555798 0.692059
0.549738 0.693717
0.543629 0.695183
0.537476 0.696457
0.531287 0.697538
0.525067 0.698423
0.518822 0.699112
0.512558 0.699605
0.506282 0.699901
0.5 0.7
0.493718 0.699901
0.487442 0.699605
0.481178 0.699112
0.474933 0.698423
0.468713 0.697538
0.462524 0.696457
0.456371 0.695183
0.450262 0.693717
0.444202 0.692059
0.438197 0.690211
0.432252 0.688176
0.426375 0.685955
0.42057 0.683551
0.414844 0.680965
0.409202 0.678201
0.403649 0.675261
0.398192 0.672148
0.392835 0.668866
0.387583 0.665416
0.382443 0.661803
0.377419 0.658031
0.372515 0.654103
0.367738 0.650022
0.363091 0.645794
0.358579 0.641421
0.354206 0.636909
0.349978 0.632262
0.345897 0.627485
0.341969 0.622581
0.338197 0.617557
0.334584 0.612417
0.331134 0.607165
0.327852 0.601808
0.324739 0.596351
0.321799 0.590798
0.319035 0.585156
0.316449 0.57943
0.314045 0.573625
0.311824 0.567748
0.309789 0.561803
0.307941 0.555798
0.306283 0.549738
0.304817 0.543629
0.303543 0.537476
0.302462 0.531287
0.301577 0.525067
0.300888 0.518822
0.300395 0.512558
0.300099 0.506282
0.3 0.5
0.300099 0.493718
0.300395 0.487442
0.300888 0.481178
0.301577 0.474933
0.302462 0.468713
0.303543 0.462524
0.304817 0.456371
0.306283 0.450262
0.307941 0.444202
0.309789 0.438197
0.311824 0.432252
0.314045 0.426375
0.316449 0.42057
0.319035 0.414844
0.321799 0.409202
0.324739 0.403649
0.327852 0.398192
0.331134 0.392835
0.334584 0.387583
0.338197 0.382443
0.341969 0.377419
0.345897 0.372515
0.349978 0.367738
0.354206 0.363091
0.358579 0.358579
0.363091 0.354206
0.367738 0.349978
0.372515 0.345897
0.377419 0.341969
0.382443 0.338197
0.387583 0.334584
0.392835 0.331134
0.398192 0.327852
0.403649 0.324739
0.409202 0.321799
0.414844 0.319035
0.42057 0.316449
0.426375 0.314045
0.432252 0.311824
0.438197 0.309789
0.444202 0.307941
0.450262 0.306283
0.456371 0.304817
0.462524 0.303543
0.468713 0.302462
0.474933 0.301577
0.481178 0.300888
0.487442 0.300395
0.493718 0.300099
0.5 0.3
0.506282 0.300099
0.512558 0.300395
0.518822 0.300888
0.525067 0.301577
0.531287 0.302462
0.537476 0.303543
0.543629 0.304817
0.549738 0.306283
0.555798 0.307941
0.561803 0.309789
0.567748 0.311824
0.573625 0.314045
0.57943 0.316449
0.585156 0.319035
0.590798 0.321799
0.596351 0.324739
0.601808 0.327852
0.607165 0.331134
0.612417 0.334584
0.617557 0.338197
0.622581 0.341969
0.627485 0.345897
0.632262 0.349978
0.636909 0.354206
0.641421 0.358579
0.645794 0.363091
0.650022 0.367738
0.654103 0.372515
0.658031 0.377419
0.661803 0.382443
0.665416 0.387583
0.668866 0.392835
0.672148 0.398192
0.675261 0.403649
0.678201 0.409202
0.680965 0.414844
0.683551 0.42057
0.685955 0.426375
0.688176 0.432252
0.690211 0.438197
0.692059 0.444202
0.693717 0.450262
0.695183 0.456371
0.696457 0.462524
0.697538 0.468713
0.698423 0.474933
0.699112 0.481178
0.699605 0.487442
0.699901 0.493718
0.65 0.5
0.649868 0.506281
0.649474 0.512552
0.648817 0.5188
0.647899 0.525015
0.646722 0.531187
0.645287 0.537303
0.643598 0.543355
0.641656 0.54933
0.639466 0.555219
0.637032 0.56101
0.634357 0.566695
0.631446 0.572263
0.628305 0.577704
0.624938 0.583009
0.621353 0.588168
0.617554 0.593172
0.613549 0.598013
0.609345 0.602682
0.60495 0.607171
0.60037 0.611472
0.595614 0.615577
0.59069 0.619479
0.585607 0.623172
0.580374 0.626649
0.575 0.629904
0.569494 0.632931
0.563867 0.635724
0.558127 0.638279
0.552286 0.640592
0.546353 0.642658
0.540338 0.644474
0.534253 0.646037
0.528107 0.647343
0.521912 0.648391
0.515679 0.649178
0.509419 0.649704
0.503141 0.649967
0.496859 0.649967
0.490581 0.649704
0.484321 0.649178
0.478088 0.648391
0.471893 0.647343
0.465747 0.646037
0.459662 0.644474
0.453647 0.642658
0.447714 0.640592
0.441873 0.638279
0.436133 0.635724
0.430506 0.632931
0.425 0.629904
0.419626 0.626649
0.414393 0.623172
0.40931 0.619479
0.404386 0.615577
0.39963 0.611472
0.39505 0.607171
0.390655 0.602682
0.386451 0.598013
0.382446 0.593172
0.378647 0.588168
0.375062 0.583009
0.371695 0.577704
0.368554 0.572263
0.365643 0.566695
0.362968 0.56101
0.360534 0.555219
0.358344 0.54933
0.356402 0.543355
0.354713 0.537303
0.353278 0.531187
0.352101 0.525015
0.351183 0.5188
0.350526 0.512552
0.350132 0.506281
0.35 0.5
0.350132 0.493719
0.350526 0.487448
0.351183 0.4812
0.352101 0.474985
0.353278 0.468813
0.354713 0.462697
0.356402 0.456645
0.358344 0.45067
0.360534 0.444781
0.362968 0.43899
0.365643 0.433305
0.368554 0.427737
0.371695 0.422296
0.375062 0.416991
0.378647 0.411832
0.382446 0.406828
0.386451 0.401987
0.390655 0.397318
0.39505 0.392829
0.39963 0.388528
0.404386 0.384423
0.40931 0.380521
0.414393 0.376828
0.419626 0.373351
0.425 0.370096
0.430506 0.367069
0.436133 0.364276
0.441873 0.361721
0.447714 0.359408
0.453647 0.357342
0.459662 0.355526
0.465747 0.353963
0.471893 0.352657
0.478088 0.351609
0.484321 0.350822
0.490581 0.350296
0.496859 0.350033
0.503141 0.350033
0.509419 0.350296
0.515679 0.350822
0.521912 0.351609
0.528107 0.352657
0.534253 0.353963
0.540338 0.355526
0.546353 0.357342
0.552286 0.359408
0.558127 0.361721
0.563867 0.364276
0.569494 0.367069
0.575 0.370096
0.580374 0.373351
0.585607 0.376828
0.59069 0.380521
0.595614 0.384423
0.60037 0.388528
0.60495 0.392829
0.609345 0.397318
0.613549 0.401987
0.617554 0.406828
0.621353 0.411832
0.624938 0.416991
0.628305 0.422296
0.631446 0.427737
0.634357 0.433305
0.637032 0.43899
0.639466 0.444781
0.641656 0.45067
0.643598 0.456645
0.645287 0.462697
0.646722 0.468813
0.647899 0.474985
0.648817 0.4812
0.649474 0.487448
0.649868 0.493719
0.65 0.5
