-17.403 204.047
97.561 -192.683
93.931 -193.490
88.962 -193.490
86.684 -193.490
83.164 -193.490
78.402 -193.283
71.776 -193.076
66.807 -193.076
63.494 -192.662
58.524 -192.455
54.797 -192.455
50.242 -192.248
44.859 -191.834
40.096 -191.834
36.369 -191.420
32.642 -191.420
29.122 -191.006
25.188 -191.006
21.875 -190.798
18.355 -190.177
13.593 -190.384
8.003 -190.384
2.619 -190.384
-1.729 -189.763
-6.077 -189.763
-10.425 -189.970
-13.531 -189.763
-18.501 -189.556
-23.470 -189.349
-29.268 -189.142
-34.237 -189.556
-39.413 -189.349
-43.969 -189.349
-48.317 -189.142
-52.458 -189.349
-55.150 -189.349
-59.498 -189.142
-64.260 -189.142
-69.437 -189.142
-74.406 -189.142
-77.098 -189.349
-81.653 -189.142
-87.450 -189.142
-93.455 -188.728
-98.632 -188.728
-102.566 -189.142
-107.535 -188.935
-111.469 -189.142
-113.954 -187.486
-114.161 -185.208
-111.262 -184.173
-107.949 -183.137
-105.257 -182.102
-101.944 -181.481
-100.081 -180.032
-99.667 -175.683
-98.839 -172.785
-98.839 -168.850
-98.632 -165.330
-98.424 -161.811
-99.667 -157.876
-102.359 -155.599
-104.843 -155.392
-108.777 -154.149
-110.848 -153.528
-113.954 -153.321
-117.267 -152.493
-120.372 -151.251
-123.892 -149.387
-125.756 -148.352
-127.826 -146.902
-129.276 -144.211
-131.346 -142.140
-132.589 -139.034
-133.624 -135.514
-134.038 -132.201
-133.624 -128.889
-133.417 -125.369
-133.003 -121.435
-131.346 -116.672
-130.104 -113.773
-129.483 -108.804
-128.034 -103.835
-126.377 -99.279
-125.135 -96.174
-123.271 -92.861
-121.408 -88.927
-120.165 -84.786
-118.095 -80.230
-116.024 -76.917
-114.575 -74.226
-112.504 -70.706
-110.641 -66.150
-108.156 -62.423
-106.293 -60.560
-104.222 -56.626
-102.359 -53.313
-100.909 -51.035
-98.839 -48.965
-96.768 -46.066
-96.798 -44.426
-98.536 -42.490
-100.195 -41.226
-101.301 -39.725
-102.407 -38.264
-104.421 -36.012
-106.278 -33.050
-107.581 -31.430
-108.885 -30.008
-110.580 -27.873
-111.812 -25.902
-112.551 -24.301
-113.536 -22.700
-114.891 -20.483
-115.876 -18.759
-116.861 -17.404
-117.970 -15.064
-119.325 -12.354
-120.310 -10.014
-121.788 -6.566
-122.281 -4.102
-123.512 -1.885
-124.744 0.701
-125.483 2.795
-125.975 5.135
-126.838 7.844
-128.069 10.800
-128.439 12.894
-128.685 14.988
-129.670 19.175
-130.040 21.392
-130.656 24.348
-130.902 27.427
-131.518 30.137
-132.134 33.832
-132.257 38.019
-132.010 41.345
-131.764 44.424
-132.134 47.133
-132.257 49.596
-132.503 52.306
-132.626 54.400
-133.488 55.755
-134.966 56.494
-135.503 59.481
-136.571 62.951
-137.105 66.420
-137.105 70.157
-136.571 74.160
-136.571 78.698
-135.503 81.367
-133.635 82.968
-130.966 83.235
-129.098 84.836
-127.017 86.423
-126.342 88.674
-124.766 92.051
-124.091 96.103
-122.627 98.692
-121.389 101.281
-120.263 103.645
-118.913 105.671
-117.562 109.386
-115.873 111.525
-113.510 114.001
-111.483 118.166
-109.120 122.556
-107.093 125.595
-104.730 128.747
-102.703 130.660
-99.664 132.912
-97.413 136.063
-95.162 139.328
-91.447 142.817
-88.520 146.082
-84.918 148.333
-81.429 151.597
-78.390 154.524
-75.125 156.212
-72.311 158.914
-69.610 160.715
-66.570 162.403
-62.518 164.430
-59.479 166.118
-55.877 167.356
-52.162 169.270
-47.434 170.621
-45.071 171.071
-41.243 172.309
-38.317 173.998
-38.317 176.136
-37.979 178.500
-36.178 179.288
-32.914 179.738
-29.762 179.738
-28.974 180.526
-28.974 181.314
-30.100 181.877
-31.675 182.552
-34.264 183.228
-36.291 184.466
-36.766 185.888
-36.674 187.368
-35.564 188.663
-33.621 188.663
-31.031 188.293
-28.995 187.275
-27.608 186.813
-25.665 185.888
-24.000 185.425
-22.335 185.148
-21.132 185.148
-20.855 185.703
-21.687 186.443
-22.890 187.553
-24.185 188.571
-25.110 189.311
-26.590 190.698
-27.515 191.716
-28.440 192.734
-29.366 193.844
-29.921 195.139
-29.921 196.526
-28.903 197.174
-27.793 198.099
-26.405 198.284
-25.388 198.007
-24.740 197.359
-23.907 196.341
-22.890 195.231
-21.780 194.306
-20.947 193.011
-20.299 192.271
-19.559 191.438
-18.172 190.421
-16.969 189.403
-16.044 189.033
-15.859 189.681
-16.414 190.976
-17.062 192.363
-17.802 194.121
-18.819 195.971
-19.282 196.897
-19.929 198.099
-20.299 199.117
-20.577 200.319
-21.040 201.800
-19.652 203.095
-18.542 203.835
-16.507 204.112
-15.396 202.355
-14.564 200.874
-13.731 198.562
-12.991 197.082
-12.529 195.879
-12.159 194.676
-11.511 193.474
-10.771 192.548
-10.216 193.381
-9.938 194.491
-9.938 196.064
-10.216 197.729
-10.216 198.932
-10.123 200.227
-10.123 201.707
-9.846 203.002
-8.921 204.112
-7.070 204.297
-5.498 204.112
-4.388 203.742
-3.833 202.077
-3.833 200.227
-3.740 198.284
-3.833 196.064
-3.740 193.751
-3.370 192.919
-2.537 193.844
-2.260 195.046
-1.612 196.526
-0.502 198.007
-0.132 199.949
0.701 201.430
1.348 203.095
15.320 194.190
3.568 203.372
4.864 202.725
6.159 201.985
6.714 200.689
5.881 198.932
5.511 197.267
4.216 195.694
3.476 194.214
3.198 192.548
2.366 191.253
2.736 190.143
3.753 190.143
5.234 191.253
6.714 192.456
8.101 194.029
9.489 195.509
10.599 196.341
11.987 197.267
13.375 196.156
14.688 195.115
14.993 192.719
12.796 187.347
13.707 191.846
12.399 190.211
10.928 188.903
9.947 187.759
-1.906 195.866
11.255 186.778
14.197 187.922
15.178 188.412
16.813 189.230
18.121 188.249
19.102 187.105
19.459 185.903
19.368 184.262
17.545 183.624
15.995 182.439
14.354 181.528
11.984 181.163
10.525 180.251
10.707 179.248
12.713 178.884
14.810 178.884
17.545 178.884
18.365 178.793
19.004 177.881
19.277 176.058
19.642 174.508
20.006 173.049
22.285 172.867
25.203 172.502
27.755 172.502
30.727 171.892
34.164 170.345
38.805 169.314
42.586 167.939
46.367 166.908
49.289 166.392
53.414 164.158
56.680 162.611
61.492 160.205
65.101 158.314
67.851 156.080
70.945 153.502
73.695 152.127
76.445 149.377
79.539 145.939
83.148 143.361
86.585 140.611
88.820 137.518
91.742 134.424
94.663 130.987
98.788 124.799
103.429 119.127
96.726 128.409
106.179 114.659
109.444 110.018
111.507 106.065
113.226 102.456
114.944 99.018
117.208 93.607
118.924 90.176
120.296 85.717
122.011 81.600
123.973 79.692
126.702 78.236
129.250 77.690
130.706 76.325
131.889 74.050
131.889 71.775
131.889 68.499
131.616 65.496
126.520 49.754
128.158 50.482
129.796 51.665
130.979 53.030
131.434 55.032
131.434 58.308
131.616 60.219
131.525 62.949
126.601 46.702
126.601 43.771
126.601 40.546
126.601 37.029
126.015 34.684
125.512 31.547
125.379 28.744
125.312 25.942
124.111 21.938
124.177 17.267
122.509 14.330
122.309 12.128
120.841 9.592
120.374 7.123
119.439 4.321
118.572 1.585
117.771 -0.951
117.037 -2.620
116.436 -4.555
114.902 -7.424
113.634 -9.359
112.766 -11.695
111.231 -13.964
110.183 -16.070
108.825 -18.182
107.694 -20.218
106.336 -21.953
105.205 -23.688
104.073 -25.196
102.791 -27.157
100.679 -29.646
99.246 -31.456
96.908 -33.870
94.570 -36.434
92.911 -38.320
91.629 -40.130
89.215 -41.714
87.556 -43.976
85.293 -46.465
83.483 -47.898
82.201 -49.558
81.070 -50.764
81.447 -52.424
81.371 -54.083
81.598 -55.893
83.081 -57.790
84.509 -59.320
86.141 -60.901
87.059 -62.483
88.794 -65.135
89.916 -66.767
91.395 -69.113
87.977 -63.707
92.211 -70.797
93.282 -72.735
94.506 -74.979
95.323 -76.357
96.394 -78.295
97.597 -81.478
98.537 -83.314
99.647 -85.920
100.843 -90.063
102.594 -94.719
103.790 -97.965
103.919 -100.742
105.670 -104.030
108.720 -126.518
108.040 -122.440
108.176 -119.994
108.312 -117.275
107.632 -114.148
107.497 -110.886
106.545 -108.575
106.273 -106.264
109.400 -129.237
110.487 -131.548
111.575 -134.403
112.390 -135.626
112.934 -138.753
98.312 -191.219
97.739 -189.684
96.319 -188.928
95.127 -188.356
93.157 -188.058
91.760 -187.714
90.454 -187.531
89.194 -187.165
87.224 -186.615
85.483 -186.317
82.734 -186.088
81.314 -185.424
81.314 -183.705
81.062 -181.850
81.110 -180.402
81.450 -177.739
81.394 -175.756
81.507 -173.149
81.790 -171.449
82.300 -169.976
82.389 -168.280
82.472 -166.036
82.721 -164.789
82.555 -163.043
82.804 -161.047
83.137 -159.468
84.301 -158.387
86.296 -159.135
88.208 -159.800
91.118 -160.382
94.277 -160.382
97.354 -160.299
98.850 -159.385
101.012 -158.470
103.339 -157.140
105.584 -155.893
107.330 -154.563
108.910 -152.152
109.968 -150.346
111.305 -148.267
112.345 -145.444
112.494 -142.919
113.088 -140.690
2.346 203.932
15.795 188.956
10.381 186.542
9.284 186.396
9.022 187.070
-3.879 194.979
1.358 48.097
2.780 51.415
4.202 53.193
5.269 56.036
7.401 58.288
11.430 61.132
14.274 63.383
18.303 65.516
20.673 66.345
24.227 67.056
28.019 67.412
32.166 67.530
34.655 67.056
37.025 66.701
40.342 65.634
43.897 64.805
46.978 62.672
50.177 60.895
52.310 59.591
55.154 56.747
57.524 54.259
59.538 51.534
61.790 48.571
63.330 46.794
65.818 43.239
67.596 40.158
69.136 37.078
71.151 33.167
71.980 29.257
0.766 45.609
0.055 44.069
-1.011 44.187
-1.722 45.965
-2.552 49.164
-3.500 52.719
-4.566 54.615
-6.225 57.221
-7.529 59.117
-9.306 61.369
-10.965 63.146
-14.046 65.871
-15.823 66.701
-17.600 67.767
-22.103 68.597
-24.118 68.952
-25.776 69.189
-28.502 69.308
-30.872 69.308
-33.952 69.308
-37.270 68.360
-39.522 67.767
-41.654 67.412
-44.972 66.227
-46.987 65.634
-49.238 64.331
-51.252 62.672
-53.978 60.776
-56.229 58.999
-59.310 56.155
-61.443 54.378
-63.339 52.482
-66.301 48.216
-67.841 45.491
-69.737 42.528
-71.159 39.803
-72.581 35.774
-72.581 31.034
-72.700 27.717
-73.884 23.925
-73.766 20.133
-72.700 16.578
-71.396 13.142
-69.856 8.995
-67.486 5.677
-64.998 2.596
-63.694 0.700
-61.087 -1.314
-57.059 -3.091
-53.978 -3.802
-50.541 -4.513
-47.461 -4.750
-43.906 -4.632
-40.707 -4.513
-36.915 -3.802
-34.071 -2.973
-31.820 -2.617
-29.213 -0.959
-26.961 0.345
-24.947 1.648
-22.459 3.070
-19.378 5.203
-17.245 6.270
-14.994 8.047
-12.742 10.061
-10.965 13.024
-8.951 15.512
-7.173 18.474
-5.988 21.318
-4.803 23.569
-3.855 25.465
-2.907 28.072
-1.959 29.613
-0.656 30.205
0.766 29.020
1.595 27.835
2.780 24.517
72.572 25.228
73.046 21.792
73.046 18.000
72.572 13.735
71.388 10.180
69.610 6.270
67.714 2.952
66.292 0.582
63.449 -1.551
60.368 -4.039
57.524 -6.054
52.784 -7.120
47.215 -7.831
43.068 -7.831
38.684 -7.831
35.484 -7.476
33.233 -6.528
30.271 -5.106
28.375 -4.039
23.990 -2.499
21.621 -0.959
19.962 0.819
17.236 3.070
15.459 4.492
13.208 7.336
11.430 9.350
10.008 11.246
8.942 12.787
7.520 15.275
6.335 16.934
5.387 18.474
4.202 20.726
3.373 22.266
