-0.462112 0.103721
-0.45543 0.121538
-0.450976 0.139355
-0.43984 0.157173
-0.430931 0.17499
-0.419796 0.192808
-0.406433 0.210625
-0.39307 0.228442
-0.375252 0.24626
-0.357435 0.264077
-0.339617 0.281894
-0.3218 0.295257
-0.303983 0.306393
-0.286165 0.315302
-0.268348 0.321983
-0.250531 0.326438
-0.232713 0.333119
-0.214896 0.337574
-0.197078 0.339801
-0.179261 0.342028
-0.161444 0.337574
-0.143626 0.335347
-0.125809 0.335347
-0.107992 0.330892
-0.0901742 0.328665
-0.0723569 0.324211
-0.0545395 0.315302
-0.0367221 0.30862
-0.0189048 0.304166
-0.0077689 0.319756
-0.00554173 0.337574
-0.00108738 0.355391
0.00336696 0.373208
0.0100485 0.391026
0.0145028 0.408843
0.0234115 0.426661
0.030093 0.444478
0.0412289 0.462295
0.0590462 0.475658
0.0746364 0.486794
0.0924538 0.486794
0.110271 0.486794
0.125861 0.471204
0.143679 0.457841
0.154815 0.440024
0.152587 0.422206
0.13477 0.41107
0.116953 0.397707
0.101363 0.382117
0.0902266 0.3643
0.081318 0.346482
0.0724093 0.328665
0.0679549 0.310848
0.0679549 0.29303
0.0746364 0.275213
0.0924538 0.281894
0.110271 0.288576
0.128089 0.295257
0.145906 0.304166
0.163723 0.310848
0.181541 0.313075
0.199358 0.315302
0.217175 0.317529
0.234993 0.317529
0.25281 0.315302
0.270628 0.315302
0.288445 0.30862
0.306262 0.299712
0.32408 0.288576
0.341897 0.275213
0.359714 0.26185
0.377532 0.244032
0.390895 0.226215
0.404258 0.208398
0.413167 0.19058
0.422075 0.172763
0.428757 0.154946
0.433211 0.137128
0.437665 0.119311
0.437665 0.101494
0.437665 0.0836761
0.437665 0.0658588
0.437665 0.0480414
0.433211 0.030224
0.433211 0.0124067
0.428757 -0.00541072
0.422075 -0.0232281
0.415394 -0.0410455
0.408712 -0.0588628
0.402031 -0.0766802
0.395349 -0.0944976
0.384213 -0.112315
0.373077 -0.130132
0.359714 -0.14795
0.348579 -0.165767
0.335216 -0.183584
0.32408 -0.201402
0.312944 -0.219219
0.304035 -0.237037
0.295126 -0.254854
0.290672 -0.272671
0.283991 -0.290489
0.279536 -0.308306
0.275082 -0.326123
0.270628 -0.343941
0.266173 -0.361758
0.261719 -0.379576
0.259492 -0.397393
0.255037 -0.41521
0.248356 -0.433028
0.241674 -0.450845
0.230538 -0.468662
0.212721 -0.484253
0.194904 -0.495388
0.177086 -0.504297
0.159269 -0.513206
0.141452 -0.513206
0.123634 -0.513206
0.105817 -0.513206
0.0879995 -0.508751
0.0701821 -0.50207
0.0523647 -0.490934
0.0345474 -0.479798
0.01673 -0.47089
-0.00108738 -0.464208
-0.0189048 -0.466435
-0.0367221 -0.473117
-0.0545395 -0.482025
-0.0723569 -0.493161
-0.0901742 -0.50207
-0.107992 -0.506524
-0.125809 -0.508751
-0.143626 -0.508751
-0.161444 -0.508751
-0.179261 -0.504297
-0.197078 -0.495388
-0.214896 -0.484253
-0.230486 -0.47089
-0.241622 -0.453072
-0.250531 -0.435255
-0.261666 -0.417437
-0.268348 -0.39962
-0.277257 -0.381803
-0.286165 -0.363985
-0.292847 -0.346168
-0.303983 -0.328351
-0.315119 -0.310533
-0.326254 -0.292716
-0.33739 -0.274898
-0.350753 -0.257081
-0.361889 -0.239264
-0.375252 -0.221446
-0.384161 -0.203629
-0.395297 -0.185812
-0.404205 -0.167994
-0.415341 -0.150177
-0.42425 -0.132359
-0.433159 -0.114542
-0.43984 -0.0967247
-0.446522 -0.0789074
-0.450976 -0.06109
-0.457658 -0.0432726
-0.457658 -0.0254553
-0.457658 -0.00763789
-0.462112 0.0101795
-0.462112 0.0279969
-0.462112 0.0458142
-0.462112 0.0636316
-0.462112 0.081449
-0.462112 0.0992663
