-0.522924 0.3138
-0.509561 0.333845
-0.498425 0.342754
-0.487289 0.347208
-0.465017 0.347208
-0.442745 0.347208
-0.43161 0.347208
-0.420474 0.347208
-0.409338 0.347208
-0.37593 0.336072
-0.364794 0.333845
-0.342523 0.324936
-0.331387 0.320482
-0.309115 0.309346
-0.253436 0.273711
-0.2423 0.264803
-0.208892 0.235849
-0.197757 0.224713
-0.179939 0.202442
-0.17103 0.191306
-0.142077 0.157898
-0.135396 0.146762
-0.128714 0.135627
-0.122033 0.124491
-0.104215 0.0910832
-0.0930795 0.0688115
-0.0774893 0.0354039
-0.0730349 0.024268
-0.0685806 0.0131322
-0.0618991 -0.00913955
-0.0574447 -0.0314113
-0.0463089 -0.0314113
-0.0418545 -0.0225026
-0.0307187 -0.0180482
-0.0195828 -0.0180482
0.000461731 -0.0269569
0.0138248 -0.0135939
0.0205063 -0.00245804
0.0227334 0.00867782
0.0271878 0.0198137
0.029415 0.0309495
0.0383236 0.0532213
0.0539138 0.075493
0.056141 0.0866288
0.0672769 0.108901
0.0739584 0.120036
0.109593 0.175716
0.120729 0.186852
0.136319 0.209123
0.147455 0.220259
0.180863 0.253667
0.203134 0.269257
0.21427 0.278166
0.225406 0.287074
0.236542 0.293756
0.258814 0.307119
0.269949 0.3138
0.281085 0.318255
0.303357 0.327163
0.314493 0.331618
0.325629 0.336072
0.336765 0.338299
0.3479 0.342754
0.359036 0.342754
0.370172 0.347208
0.392444 0.347208
0.425851 0.347208
0.468168 0.327163
0.472622 0.316027
0.477076 0.295983
0.477076 0.284847
0.477076 0.273711
0.477076 0.262575
0.477076 0.240304
0.477076 0.206896
0.472622 0.162353
0.470395 0.140081
0.465941 0.128945
0.465941 0.117809
0.461486 0.106673
0.445896 0.0398582
0.441442 0.0287224
0.416943 -0.0158211
0.385762 -0.04032
0.363491 -0.0470015
0.352355 -0.0514558
0.345673 -0.0581373
0.356809 -0.0692732
0.367945 -0.0915449
0.381308 -0.124952
0.381308 -0.15836
0.381308 -0.169496
0.381308 -0.180632
0.379081 -0.191768
0.376854 -0.202903
0.376854 -0.214039
0.372399 -0.225175
0.372399 -0.236311
0.361264 -0.269719
0.356809 -0.280854
0.350128 -0.303126
0.343446 -0.314262
0.31672 -0.358805
0.292221 -0.392213
0.283313 -0.403349
0.238769 -0.441211
0.227633 -0.447892
0.218725 -0.452347
0.196453 -0.452347
0.185317 -0.452347
0.174181 -0.452347
0.129638 -0.432302
0.107366 -0.41003
0.0895486 -0.387759
0.0739584 -0.365487
0.0672769 -0.354351
0.0605954 -0.343215
0.0539138 -0.332079
0.0383236 -0.298672
0.0338693 -0.287536
0.0160519 -0.231857
0.00714325 -0.240765
-0.0463089 -0.278627
-0.0685806 -0.249674
-0.0685806 -0.26081
-0.0730349 -0.271946
-0.0774893 -0.283082
-0.110897 -0.349897
-0.117578 -0.361033
-0.130941 -0.383304
-0.13985 -0.39444
-0.148759 -0.405576
-0.17103 -0.427848
-0.248981 -0.452347
-0.291298 -0.436756
-0.324705 -0.407803
-0.351431 -0.374396
-0.36034 -0.36326
-0.378157 -0.329852
-0.384839 -0.318716
-0.393748 -0.307581
-0.407111 -0.274173
-0.420474 -0.218494
-0.422701 -0.207358
-0.427155 -0.162814
-0.427155 -0.151679
-0.427155 -0.140543
-0.422701 -0.107135
-0.416019 -0.0447743
-0.427155 -0.04032
-0.438291 -0.0358656
-0.480607 0.0131322
-0.502879 0.0799473
-0.511788 0.124491
-0.518469 0.146762
-0.518469 0.169034
-0.522924 0.18017
-0.522924 0.213578
-0.522924 0.224713
-0.522924 0.235849
-0.522924 0.246985
-0.522924 0.258121
-0.522924 0.291529
-0.522924 0.3138
