3
65
0.187089 -0.722769
0.183941 -0.726769
0.181991 -0.730003
0.180858 -0.732726
0.179743 -0.736281
0.178974 -0.740060
0.178565 -0.744190
0.178644 -0.748323
0.179257 -0.752197
0.180381 -0.755870
0.181941 -0.759225
0.183561 -0.761195
0.186142 -0.763757
0.189123 -0.766128
0.192576 -0.768337
0.196360 -0.770242
0.200116 -0.771591
0.204604 -0.772849
0.208484 -0.773443
0.211040 -0.773409
0.212978 -0.773059
0.215380 -0.772407
0.220022 -0.771196
0.223473 -0.769896
0.227211 -0.768276
0.229799 -0.766845
0.232629 -0.765031
0.236788 -0.762175
0.240046 -0.759474
0.242710 -0.756799
0.244936 -0.754133
0.246168 -0.752141
0.249340 -0.747519
0.252134 -0.743180
0.254544 -0.739336
0.256406 -0.736374
0.258963 -0.732359
0.261045 -0.728986
0.262802 -0.725814
0.264487 -0.722193
0.265324 -0.719330
0.266088 -0.715216
0.265776 -0.712950
0.264866 -0.709995
0.263663 -0.707896
0.262141 -0.706308
0.259692 -0.705111
0.254986 -0.703733
0.248816 -0.701465
0.244687 -0.701111
0.240173 -0.700942
0.235754 -0.700991
0.231822 -0.701244
0.227852 -0.701651
0.224163 -0.702212
0.220051 -0.703024
0.216455 -0.703997
0.212633 -0.705272
0.209706 -0.706562
0.206251 -0.708293
0.203623 -0.709895
0.199909 -0.712290
0.196996 -0.714459
0.192800 -0.717725
0.189377 -0.720765
64
0.686841 -0.478372
0.683704 -0.480220
0.680917 -0.482444
0.677767 -0.485336
0.674534 -0.488683
0.671739 -0.492053
0.668964 -0.495733
0.666339 -0.499532
0.663727 -0.503559
0.661348 -0.507498
0.659037 -0.511576
0.656695 -0.515982
0.654536 -0.520409
0.652602 -0.524816
0.650764 -0.529475
0.649157 -0.534154
0.647982 -0.538419
0.647204 -0.542324
0.646552 -0.546831
0.646222 -0.551237
0.646220 -0.555495
0.646562 -0.559339
0.647215 -0.562815
0.648217 -0.566450
0.649770 -0.571344
0.651548 -0.575778
0.653560 -0.580095
0.655496 -0.583474
0.657853 -0.587092
0.660357 -0.590325
0.663783 -0.593679
0.667075 -0.595796
0.669085 -0.595318
0.672166 -0.593657
0.675298 -0.591125
0.679178 -0.587709
0.682160 -0.584122
0.684560 -0.580501
0.687102 -0.576314
0.689074 -0.572433
0.691262 -0.567821
0.692974 -0.563631
0.694330 -0.559758
0.695664 -0.555513
0.696994 -0.550895
0.698255 -0.546167
0.699391 -0.541619
0.700404 -0.537401
0.701607 -0.532442
0.702813 -0.527448
0.703847 -0.523032
0.704853 -0.518529
0.705815 -0.513936
0.706747 -0.509127
0.707512 -0.504581
0.708063 -0.500288
0.708380 -0.495985
0.708484 -0.490762
0.707979 -0.486891
0.707024 -0.483648
0.705696 -0.482015
0.702636 -0.478825
0.700436 -0.478652
0.696312 -0.478989
1825
0.922121 0.304255
0.926235 0.306583
0.928941 0.308954
0.931653 0.311871
0.932576 0.313816
0.933482 0.316679
0.934653 0.320947
0.935493 0.325423
0.935903 0.329708
0.935900 0.333493
0.935722 0.338031
0.935304 0.342267
0.934683 0.347382
0.933892 0.352333
0.932945 0.357219
0.931939 0.361372
0.930817 0.365392
0.929767 0.368650
0.928621 0.372125
0.927486 0.375853
0.926386 0.380265
0.925834 0.383936
0.925710 0.387241
0.926429 0.390196
0.928032 0.394520
0.930040 0.398107
0.932633 0.401841
0.935224 0.404451
0.937763 0.406264
0.939927 0.407248
0.945019 0.408101
0.948947 0.408515
0.952548 0.408609
0.956214 0.408632
0.959931 0.408800
0.963535 0.409309
0.966724 0.410130
0.968590 0.411342
0.973925 0.415957
0.976800 0.419644
0.978550 0.422646
0.979957 0.425656
0.981743 0.429703
0.982910 0.432963
0.984158 0.436809
0.985192 0.440490
0.986004 0.443965
0.986782 0.447875
0.987488 0.452091
0.987963 0.455856
0.988269 0.459317
0.988469 0.462736
0.988702 0.467391
0.988920 0.472533
0.989087 0.477192
0.989304 0.481870
0.989676 0.487184
0.990174 0.491624
0.990817 0.495773
0.991606 0.500145
0.992273 0.503322
0.992814 0.506123
0.993483 0.510768
0.993857 0.514934
0.993915 0.518467
0.993674 0.521125
0.993122 0.524425
0.992081 0.529215
0.990716 0.532966
0.988815 0.536768
0.986578 0.539974
0.984711 0.541526
0.982811 0.542433
0.980676 0.543002
0.978388 0.543225
0.975671 0.543167
0.972309 0.542827
0.967969 0.542208
0.963426 0.541291
0.959449 0.540138
0.956024 0.538824
0.951993 0.537095
0.948335 0.535313
0.944633 0.533413
0.940875 0.531479
0.937593 0.529853
0.933511 0.528000
0.930933 0.527089
0.927035 0.525903
0.923354 0.525020
0.919077 0.524201
0.915096 0.523717
0.911043 0.523504
0.906992 0.523610
0.902824 0.524065
0.899481 0.524901
0.895841 0.526214
0.893188 0.527709
0.890725 0.529605
0.887453 0.532447
0.884054 0.535794
0.880978 0.539283
0.879239 0.541910
0.876868 0.545654
0.874694 0.549305
0.872630 0.552813
0.870476 0.556292
0.868174 0.559677
0.865713 0.562887
0.863059 0.566002
0.861578 0.567314
0.860015 0.568509
0.855864 0.572334
0.852309 0.575389
0.848636 0.578435
0.845173 0.581158
0.841884 0.583562
0.838186 0.586084
0.834225 0.588601
0.830735 0.590602
0.827346 0.592414
0.825445 0.593286
0.822981 0.594331
0.818261 0.596304
0.814410 0.597717
0.810412 0.599030
0.806397 0.600215
0.803094 0.601079
0.799570 0.602004
0.795700 0.603118
0.791598 0.604489
0.787546 0.606135
0.783397 0.608184
0.780536 0.610146
0.777655 0.612556
0.774640 0.615466
0.772390 0.618163
0.770206 0.621173
0.767812 0.624751
0.765341 0.628697
0.763502 0.631999
0.761420 0.635841
0.759401 0.639628
0.757214 0.643689
0.755089 0.647578
0.752870 0.651596
0.750855 0.655231
0.748564 0.659407
0.746451 0.663309
0.744168 0.667578
0.741884 0.671886
0.739590 0.676228
0.737644 0.679908
0.736602 0.681861
0.735588 0.683743
0.733849 0.686987
0.731926 0.690589
0.729929 0.694355
0.728002 0.698024
0.725753 0.702334
0.723648 0.706378
0.721491 0.710473
0.719404 0.714340
0.717814 0.717147
0.715737 0.720707
0.714065 0.723419
0.711474 0.727519
0.709200 0.730918
0.706403 0.734960
0.704103 0.738047
0.702090 0.740531
0.699605 0.743396
0.697201 0.745888
0.694001 0.748921
0.691336 0.751013
0.688390 0.752982
0.685273 0.754754
0.681247 0.756873
0.677367 0.758699
0.673217 0.760562
0.669336 0.762239
0.666142 0.763586
0.662459 0.765144
0.658194 0.766940
0.653946 0.768679
0.649359 0.770451
0.644978 0.771971
0.640578 0.773281
0.635912 0.774438
0.631971 0.775112
0.627981 0.775575
0.623857 0.775865
0.619904 0.775956
0.615317 0.775937
0.610984 0.775749
0.606310 0.775415
0.601922 0.774947
0.597846 0.774371
0.593701 0.773669
0.589051 0.772773
0.584688 0.771762
0.580383 0.770561
0.576352 0.769174
0.572140 0.767449
0.568298 0.765517
0.564741 0.763326
0.561829 0.761015
0.558557 0.757909
0.555501 0.754346
0.553760 0.750883
0.553649 0.748095
0.553942 0.743810
0.554633 0.739375
0.555559 0.735433
0.556373 0.732457
0.557195 0.728772
0.557810 0.724713
0.557966 0.721175
0.557732 0.717829
0.557152 0.714848
0.556255 0.711794
0.555009 0.708204
0.553480 0.704188
0.551761 0.699911
0.550009 0.695723
0.548376 0.691914
0.546553 0.687627
0.544847 0.683579
0.543155 0.679517
0.541583 0.675682
0.539854 0.671369
0.538341 0.667391
0.536837 0.663112
0.535529 0.658913
0.534272 0.654372
0.533169 0.649908
0.532277 0.646027
0.531470 0.642675
0.530845 0.640693
0.529579 0.637487
0.528105 0.634531
0.526618 0.632283
0.525045 0.630452
0.522838 0.628155
0.519679 0.624986
0.515871 0.621338
0.512394 0.618414
0.509107 0.616034
0.505620 0.613890
0.501654 0.611847
0.497738 0.610303
0.494662 0.609605
0.492082 0.609448
0.488114 0.609340
0.483143 0.609173
0.477963 0.608874
0.472810 0.608249
0.468486 0.607226
0.465914 0.605987
0.464003 0.604445
0.460636 0.601509
0.457545 0.598193
0.455159 0.594858
0.452322 0.590569
0.450086 0.586488
0.448095 0.582340
0.446206 0.578024
0.444246 0.573358
0.442347 0.568693
0.440462 0.563983
0.438682 0.559397
0.437149 0.555129
0.435829 0.550862
0.435098 0.547380
0.434687 0.543582
0.434867 0.540324
0.435810 0.538456
0.437966 0.535168
0.439975 0.534351
0.444227 0.532859
0.449720 0.530821
0.454507 0.529687
0.459947 0.528430
0.464335 0.527698
0.469204 0.527111
0.473495 0.526955
0.476875 0.527249
0.480513 0.527850
0.484087 0.528644
0.488329 0.529586
0.492815 0.530480
0.496698 0.531070
0.499783 0.531246
0.503754 0.531174
0.507718 0.530735
0.511514 0.529908
0.514915 0.528730
0.518939 0.527027
0.523084 0.524958
0.527433 0.522544
0.531774 0.519918
0.535499 0.517401
0.539105 0.514761
0.542223 0.512209
0.545561 0.509206
0.548561 0.506121
0.551425 0.502738
0.553368 0.499879
0.554171 0.498065
0.554623 0.496187
0.555482 0.492172
0.555764 0.488173
0.555398 0.484444
0.554477 0.482614
0.548248 0.480436
0.543702 0.479582
0.539921 0.479387
0.535732 0.479227
0.532036 0.479091
0.527759 0.478768
0.523808 0.478284
0.519752 0.477593
0.516105 0.476756
0.512400 0.475721
0.507680 0.474298
0.503186 0.472795
0.499429 0.471412
0.495567 0.469960
0.492159 0.468660
0.489093 0.467470
0.485222 0.465915
0.482377 0.464645
0.478178 0.462552
0.474036 0.460188
0.470475 0.457757
0.467956 0.455578
0.465828 0.453360
0.462601 0.449953
0.459294 0.446350
0.456382 0.443117
0.453326 0.439868
0.450573 0.437189
0.447807 0.434832
0.443995 0.431929
0.440021 0.429353
0.436430 0.427543
0.432806 0.426077
0.427748 0.424044
0.423698 0.422638
0.419526 0.421118
0.415229 0.419369
0.411283 0.417519
0.408325 0.415837
0.405364 0.413953
0.400827 0.411111
0.396287 0.408245
0.391358 0.405262
0.387573 0.403194
0.383685 0.401362
0.379379 0.399672
0.375495 0.398598
0.371858 0.398036
0.367558 0.397720
0.363460 0.397834
0.358899 0.398242
0.354153 0.398892
0.349748 0.399675
0.345242 0.400465
0.340205 0.401152
0.335906 0.401430
0.332257 0.401229
0.328213 0.400562
0.325552 0.399545
0.323704 0.398247
0.321184 0.396032
0.317998 0.392785
0.315451 0.389289
0.312952 0.385058
0.311512 0.381192
0.311178 0.378239
0.311313 0.375167
0.311808 0.372078
0.312504 0.368384
0.313162 0.364595
0.313585 0.360308
0.313555 0.356464
0.313011 0.353993
0.311956 0.351487
0.309939 0.347124
0.307815 0.344224
0.304864 0.340550
0.301567 0.336783
0.298172 0.333155
0.294569 0.329368
0.291712 0.326509
0.288337 0.323173
0.284740 0.319716
0.281091 0.316377
0.277834 0.313648
0.273494 0.310209
0.270020 0.307832
0.266239 0.305471
0.261495 0.302679
0.256650 0.300094
0.252281 0.298111
0.247742 0.296320
0.243242 0.294834
0.238815 0.293659
0.234394 0.292746
0.229857 0.292028
0.224433 0.291270
0.220015 0.290894
0.214481 0.290456
0.209557 0.290187
0.204104 0.289905
0.199511 0.289694
0.194722 0.289429
0.189773 0.289074
0.184743 0.288603
0.180329 0.288044
0.176210 0.287380
0.172482 0.286631
0.167557 0.285556
0.162937 0.284400
0.156880 0.282835
0.152181 0.281419
0.148194 0.280080
0.144408 0.278709
0.140246 0.277129
0.136561 0.275634
0.132793 0.274027
0.129358 0.272470
0.124462 0.270214
0.119969 0.268078
0.115488 0.265954
0.111377 0.264083
0.106657 0.262122
0.102009 0.260477
0.097919 0.259413
0.094767 0.259018
0.091304 0.258879
0.087666 0.258962
0.083716 0.259198
0.080655 0.259541
0.077509 0.259952
0.073667 0.260457
0.070818 0.260876
0.065893 0.261630
0.061401 0.262398
0.056473 0.263343
0.050718 0.264557
0.045853 0.265764
0.042119 0.266859
0.037559 0.268232
0.032269 0.269831
0.028506 0.271051
0.023657 0.272678
0.019931 0.274065
0.015651 0.275794
0.010823 0.277868
0.005817 0.280127
0.001927 0.282014
-0.001459 0.283678
-0.005794 0.285720
-0.010248 0.287709
-0.014436 0.289428
-0.018966 0.291124
-0.024701 0.293119
-0.030802 0.295027
-0.034831 0.295796
-0.040103 0.296651
-0.044970 0.297168
-0.050938 0.297697
-0.055341 0.297754
-0.060326 0.297731
-0.064970 0.297607
-0.069733 0.297451
-0.075584 0.297317
-0.080326 0.297238
-0.085232 0.297211
-0.089189 0.297260
-0.094185 0.297362
-0.099367 0.297525
-0.104551 0.297749
-0.108198 0.298004
-0.111820 0.298317
-0.115435 0.298684
-0.119706 0.299153
-0.124972 0.299739
-0.130237 0.300328
-0.134207 0.300756
-0.138761 0.301196
-0.143108 0.301554
-0.147703 0.301894
-0.152867 0.302302
-0.157396 0.302749
-0.162464 0.303453
-0.166692 0.304382
-0.171256 0.305762
-0.175040 0.307396
-0.176871 0.308786
-0.178425 0.310535
-0.181854 0.314257
-0.185161 0.318408
-0.187590 0.322317
-0.189663 0.326320
-0.191228 0.330063
-0.193275 0.335069
-0.195062 0.339855
-0.197078 0.345137
-0.199160 0.350268
-0.201256 0.354771
-0.203380 0.358510
-0.205144 0.360764
-0.207110 0.362809
-0.208790 0.364182
-0.212993 0.368279
-0.216694 0.371507
-0.220623 0.374834
-0.224533 0.378062
-0.228445 0.381223
-0.231617 0.383661
-0.235567 0.386561
-0.239806 0.389472
-0.243936 0.392028
-0.247812 0.394096
-0.251510 0.395739
-0.255875 0.397434
-0.260001 0.398730
-0.264437 0.399911
-0.268821 0.400869
-0.273859 0.401863
-0.278113 0.402514
-0.283113 0.403233
-0.288135 0.403910
-0.292694 0.404504
-0.297565 0.405180
-0.301344 0.405782
-0.305311 0.406543
-0.309581 0.407555
-0.314080 0.408899
-0.317388 0.410345
-0.320765 0.412257
-0.323716 0.414485
-0.324612 0.416281
-0.326645 0.420814
-0.326720 0.423362
-0.326339 0.426375
-0.325660 0.430981
-0.324681 0.436017
-0.323468 0.440801
-0.322226 0.444548
-0.320670 0.449238
-0.319338 0.453098
-0.317781 0.458072
-0.316618 0.462435
-0.315503 0.467584
-0.314913 0.472030
-0.314710 0.476074
-0.314656 0.480890
-0.314863 0.485294
-0.315277 0.488780
-0.315928 0.493447
-0.316735 0.497764
-0.317724 0.501791
-0.319020 0.506084
-0.320682 0.510724
-0.322529 0.514887
-0.324452 0.518304
-0.326624 0.521540
-0.328263 0.523328
-0.329965 0.524722
-0.333203 0.527353
-0.335959 0.529247
-0.338854 0.531088
-0.341344 0.532607
-0.344981 0.534987
-0.348182 0.537207
-0.350196 0.538800
-0.353829 0.541805
-0.356877 0.544585
-0.359481 0.547250
-0.362302 0.550420
-0.365095 0.553914
-0.367608 0.557510
-0.369398 0.560581
-0.370216 0.562521
-0.371589 0.565649
-0.372972 0.568396
-0.374887 0.571472
-0.376415 0.573112
-0.378481 0.574700
-0.380743 0.575830
-0.384861 0.577559
-0.388046 0.577939
-0.391764 0.577804
-0.395164 0.577098
-0.397469 0.575973
-0.400387 0.574217
-0.404416 0.571803
-0.407673 0.569581
-0.411639 0.566969
-0.415680 0.564413
-0.419257 0.562270
-0.422708 0.560283
-0.426515 0.558071
-0.429987 0.555966
-0.433527 0.553622
-0.437194 0.550908
-0.440421 0.548120
-0.443509 0.545008
-0.445821 0.542076
-0.448823 0.537904
-0.451313 0.533799
-0.453549 0.529599
-0.455613 0.525378
-0.457887 0.520764
-0.460196 0.516287
-0.462780 0.511741
-0.465281 0.507978
-0.467831 0.504781
-0.470556 0.501958
-0.473496 0.499465
-0.476442 0.497539
-0.480477 0.495268
-0.484829 0.493260
-0.488606 0.492070
-0.492137 0.491327
-0.494612 0.491198
-0.499774 0.490893
-0.504152 0.490994
-0.507955 0.491382
-0.512831 0.491976
-0.517251 0.492644
-0.521579 0.493270
-0.526169 0.493749
-0.531112 0.493976
-0.535259 0.493600
-0.537851 0.492592
-0.541484 0.490726
-0.545276 0.488344
-0.548733 0.485660
-0.552481 0.482461
-0.555334 0.479527
-0.558745 0.475877
-0.561668 0.472454
-0.564392 0.469060
-0.566892 0.465772
-0.569946 0.461700
-0.572383 0.458271
-0.575735 0.453439
-0.578317 0.449359
-0.580914 0.444882
-0.583329 0.440252
-0.585368 0.435829
-0.587280 0.431414
-0.588185 0.429017
-0.589033 0.427167
-0.591449 0.423006
-0.593103 0.421135
-0.595109 0.419853
-0.601846 0.416048
-0.605101 0.415470
-0.608529 0.415016
-0.611400 0.414734
-0.615623 0.414249
-0.618275 0.413934
-0.622737 0.413339
-0.626677 0.412749
-0.631351 0.411992
-0.635630 0.411224
-0.640110 0.410348
-0.644856 0.409319
-0.649174 0.408228
-0.654212 0.406793
-0.658117 0.405336
-0.662147 0.403484
-0.665451 0.401189
-0.667251 0.398598
-0.670597 0.392900
-0.671267 0.389639
-0.672243 0.384917
-0.673192 0.380001
-0.673994 0.375350
-0.674844 0.370138
-0.675618 0.365043
-0.676191 0.360870
-0.676789 0.356469
-0.677489 0.351640
-0.678244 0.347145
-0.679074 0.343319
-0.680337 0.338536
-0.681652 0.334879
-0.683209 0.331304
-0.684683 0.328616
-0.686345 0.326008
-0.688354 0.323128
-0.691551 0.318474
-0.693702 0.315702
-0.695406 0.313571
-0.697305 0.311124
-0.699081 0.308691
-0.701584 0.305053
-0.704066 0.301238
-0.706475 0.297405
-0.708689 0.293880
-0.710999 0.290399
-0.713799 0.286513
-0.716453 0.283256
-0.719072 0.280451
-0.721401 0.278384
-0.724569 0.275852
-0.728806 0.272662
-0.732369 0.270439
-0.736479 0.268067
-0.740449 0.265994
-0.744010 0.264309
-0.747735 0.262627
-0.751781 0.260833
-0.756160 0.258886
-0.760377 0.256983
-0.764791 0.254919
-0.769621 0.252552
-0.773877 0.250310
-0.777659 0.248164
-0.781983 0.245641
-0.785969 0.243258
-0.789448 0.241190
-0.793646 0.238817
-0.797558 0.236782
-0.801557 0.234922
-0.805417 0.233392
-0.809208 0.232160
-0.813532 0.230963
-0.817409 0.230123
-0.822144 0.229133
-0.826398 0.228279
-0.830967 0.227241
-0.835143 0.226092
-0.839457 0.224637
-0.843059 0.223067
-0.846301 0.221322
-0.849858 0.219176
-0.853750 0.216690
-0.857203 0.214357
-0.861436 0.211600
-0.865704 0.208958
-0.870137 0.206464
-0.873941 0.204712
-0.877075 0.203719
-0.880349 0.203098
-0.884630 0.202576
-0.887890 0.202576
-0.890228 0.202824
-0.893171 0.203130
-0.898175 0.203355
-0.900091 0.203282
-0.904295 0.202981
-0.909270 0.202465
-0.913830 0.201747
-0.918169 0.200831
-0.921612 0.199872
-0.923590 0.199102
-0.927375 0.197633
-0.931147 0.196093
-0.935329 0.194331
-0.939610 0.192442
-0.944183 0.190299
-0.948328 0.188146
-0.951725 0.186087
-0.955513 0.183525
-0.958639 0.181061
-0.961634 0.178437
-0.965146 0.175234
-0.968119 0.172299
-0.971236 0.169072
-0.974126 0.165857
-0.976897 0.162506
-0.979385 0.159165
-0.981625 0.155803
-0.983538 0.152557
-0.985151 0.149415
-0.986630 0.146050
-0.988191 0.141833
-0.988868 0.138629
-0.988685 0.136323
-0.987888 0.133002
-0.986610 0.131492
-0.984010 0.128817
-0.980500 0.124639
-0.977323 0.120731
-0.975122 0.117423
-0.974288 0.115000
-0.973043 0.110388
-0.972293 0.105787
-0.971685 0.100510
-0.971634 0.096057
-0.971845 0.091690
-0.972286 0.087156
-0.972996 0.082847
-0.974036 0.078393
-0.975167 0.075635
-0.976594 0.073022
-0.977928 0.071205
-0.979354 0.069533
-0.981397 0.066673
-0.983101 0.063368
-0.983987 0.060440
-0.983042 0.056955
-0.981694 0.054954
-0.979462 0.051514
-0.977061 0.048568
-0.974735 0.046090
-0.972796 0.044114
-0.970448 0.041530
-0.969357 0.040019
-0.967181 0.036550
-0.965395 0.033046
-0.964499 0.030315
-0.963787 0.027278
-0.963012 0.023622
-0.962093 0.019552
-0.961014 0.015599
-0.959748 0.011997
-0.958693 0.010164
-0.957047 0.007858
-0.955534 0.006184
-0.951762 0.000993
-0.949473 -0.000991
-0.947439 -0.002314
-0.943124 -0.005125
-0.938956 -0.007446
-0.934478 -0.009661
-0.930509 -0.011310
-0.926251 -0.013025
-0.922487 -0.014622
-0.917904 -0.016979
-0.914183 -0.019330
-0.912438 -0.021569
-0.909775 -0.026338
-0.907782 -0.030837
-0.906303 -0.034700
-0.904103 -0.039797
-0.902191 -0.043958
-0.900843 -0.046473
-0.899282 -0.049299
-0.897663 -0.052472
-0.895793 -0.056830
-0.894683 -0.060501
-0.894064 -0.064011
-0.894139 -0.066466
-0.894514 -0.069875
-0.895082 -0.074531
-0.895788 -0.078879
-0.896444 -0.082687
-0.897026 -0.087216
-0.897307 -0.091563
-0.897200 -0.095488
-0.896734 -0.099152
-0.895953 -0.102950
-0.894897 -0.107237
-0.893701 -0.111663
-0.892689 -0.115108
-0.891615 -0.119086
-0.891264 -0.121084
-0.890695 -0.128251
-0.891328 -0.131908
-0.892330 -0.134809
-0.893521 -0.136739
-0.895183 -0.138548
-0.898183 -0.141476
-0.901335 -0.143716
-0.904595 -0.145362
-0.907512 -0.146351
-0.909324 -0.146607
-0.912949 -0.147559
-0.917251 -0.149152
-0.918905 -0.150294
-0.920366 -0.151878
-0.922357 -0.154446
-0.923805 -0.157021
-0.924627 -0.159414
-0.925741 -0.163061
-0.927015 -0.167557
-0.927656 -0.171047
-0.928141 -0.174863
-0.928591 -0.179995
-0.928445 -0.183966
-0.927890 -0.187363
-0.926788 -0.189921
-0.925036 -0.194073
-0.922969 -0.198116
-0.921614 -0.199798
-0.919859 -0.201509
-0.916892 -0.204321
-0.913259 -0.207652
-0.910284 -0.210083
-0.907629 -0.212152
-0.904504 -0.214626
-0.900742 -0.217705
-0.897940 -0.220084
-0.894592 -0.222963
-0.891830 -0.225370
-0.889740 -0.227193
-0.887030 -0.229545
-0.884537 -0.231700
-0.881269 -0.234481
-0.877594 -0.237457
-0.873468 -0.240503
-0.869279 -0.243142
-0.865098 -0.245220
-0.862171 -0.246063
-0.860223 -0.246158
-0.857964 -0.245990
-0.854428 -0.245746
-0.850312 -0.245469
-0.846143 -0.245261
-0.843333 -0.245271
-0.840153 -0.245526
-0.836515 -0.246097
-0.832203 -0.247080
-0.828351 -0.248353
-0.825887 -0.249614
-0.823616 -0.251111
-0.819069 -0.253933
-0.815803 -0.256335
-0.811742 -0.259366
-0.808021 -0.262288
-0.804143 -0.265439
-0.800360 -0.268645
-0.796782 -0.271799
-0.793288 -0.274930
-0.790103 -0.277737
-0.787618 -0.279750
-0.784307 -0.282163
-0.780361 -0.284783
-0.777463 -0.286399
-0.775316 -0.287476
-0.772462 -0.289050
-0.767942 -0.291942
-0.765028 -0.294126
-0.763313 -0.295704
-0.760909 -0.298022
-0.757351 -0.301372
-0.755038 -0.303642
-0.753184 -0.305381
-0.749540 -0.308496
-0.746764 -0.310556
-0.743842 -0.312533
-0.740970 -0.314408
-0.738288 -0.316180
-0.735587 -0.318019
-0.732659 -0.320037
-0.729250 -0.322382
-0.725300 -0.325100
-0.721927 -0.327438
-0.718395 -0.329892
-0.714150 -0.332802
-0.710665 -0.335107
-0.706569 -0.337691
-0.702933 -0.339797
-0.698995 -0.341875
-0.695917 -0.343245
-0.694029 -0.343792
-0.690467 -0.344686
-0.688368 -0.344949
-0.683442 -0.345754
-0.680591 -0.346060
-0.678000 -0.346364
-0.673170 -0.347116
-0.669637 -0.347786
-0.666245 -0.348501
-0.662382 -0.349331
-0.657916 -0.350256
-0.653695 -0.351068
-0.649907 -0.351689
-0.646111 -0.352165
-0.641909 -0.352524
-0.637578 -0.352698
-0.633925 -0.352598
-0.629757 -0.352303
-0.625834 -0.351821
-0.621454 -0.351163
-0.617221 -0.350445
-0.613203 -0.349802
-0.609183 -0.349365
-0.604307 -0.349368
-0.600264 -0.350056
-0.597937 -0.351273
-0.596167 -0.352872
-0.594736 -0.354584
-0.591189 -0.357138
-0.587812 -0.358913
-0.585825 -0.359038
-0.583481 -0.358425
-0.579382 -0.357222
-0.574914 -0.355483
-0.570579 -0.353369
-0.566560 -0.351113
-0.563199 -0.349041
-0.559173 -0.346684
-0.555205 -0.344553
-0.551167 -0.342695
-0.546515 -0.340927
-0.542572 -0.339958
-0.539141 -0.339572
-0.535811 -0.339561
-0.531382 -0.339706
-0.527964 -0.340130
-0.524835 -0.340685
-0.521424 -0.341347
-0.518274 -0.341981
-0.513528 -0.342852
-0.509271 -0.343615
-0.504846 -0.344428
-0.500460 -0.345309
-0.496979 -0.346145
-0.492342 -0.347393
-0.488672 -0.348538
-0.484572 -0.349838
-0.480744 -0.351020
-0.478336 -0.351659
-0.474702 -0.352462
-0.471621 -0.352937
-0.467781 -0.353319
-0.464051 -0.353415
-0.459413 -0.353275
-0.454755 -0.352798
-0.451711 -0.351968
-0.447614 -0.350611
-0.443687 -0.349020
-0.440400 -0.347400
-0.437946 -0.345931
-0.434700 -0.343856
-0.431096 -0.341415
-0.427237 -0.338675
-0.423649 -0.336016
-0.420351 -0.333537
-0.416673 -0.330857
-0.413590 -0.328738
-0.409944 -0.326378
-0.406212 -0.324099
-0.402924 -0.322213
-0.398621 -0.319731
-0.394021 -0.317050
-0.390175 -0.314768
-0.386134 -0.312304
-0.382256 -0.309875
-0.379024 -0.307809
-0.375533 -0.305619
-0.372242 -0.303670
-0.368665 -0.301758
-0.364723 -0.299926
-0.360613 -0.298352
-0.356484 -0.297124
-0.353177 -0.296519
-0.350546 -0.296319
-0.347581 -0.296230
-0.342917 -0.295988
-0.338906 -0.295802
-0.334677 -0.295511
-0.330713 -0.295098
-0.326721 -0.294524
-0.322032 -0.293732
-0.318171 -0.292952
-0.314311 -0.292192
-0.310356 -0.291581
-0.306474 -0.291331
-0.302476 -0.291445
-0.299878 -0.292538
-0.295721 -0.295169
-0.293250 -0.297786
-0.290691 -0.301173
-0.288289 -0.305079
-0.286637 -0.308614
-0.286119 -0.310648
-0.285523 -0.312644
-0.282978 -0.317070
-0.280621 -0.320167
-0.276854 -0.324300
-0.273736 -0.326238
-0.270110 -0.327915
-0.266163 -0.329241
-0.261807 -0.330325
-0.258668 -0.330571
-0.254952 -0.330729
-0.252679 -0.330692
-0.250222 -0.330760
-0.245402 -0.331331
-0.242785 -0.332111
-0.239140 -0.333598
-0.235916 -0.335404
-0.233465 -0.337365
-0.231066 -0.339782
-0.228918 -0.342404
-0.226823 -0.345267
-0.224316 -0.348692
-0.221816 -0.352069
-0.218766 -0.356029
-0.216702 -0.358650
-0.215585 -0.360173
-0.213057 -0.364113
-0.211652 -0.366705
-0.210808 -0.368722
-0.209990 -0.371186
-0.208630 -0.375578
-0.207703 -0.379615
-0.206974 -0.383938
-0.206686 -0.387620
-0.206553 -0.391989
-0.206607 -0.396856
-0.206926 -0.401353
-0.207448 -0.406019
-0.208126 -0.410363
-0.208963 -0.414973
-0.209929 -0.419627
-0.210948 -0.423754
-0.211934 -0.426977
-0.212996 -0.429809
-0.214240 -0.432545
-0.216015 -0.436052
-0.217186 -0.437809
-0.218419 -0.439313
-0.221312 -0.443153
-0.224108 -0.446587
-0.227020 -0.449977
-0.229456 -0.452599
-0.232201 -0.455475
-0.234544 -0.457883
-0.237805 -0.461352
-0.240548 -0.464385
-0.243142 -0.467406
-0.245670 -0.470529
-0.248212 -0.473886
-0.250929 -0.477750
-0.253124 -0.481323
-0.254856 -0.484681
-0.255861 -0.487367
-0.257339 -0.491777
-0.258439 -0.495913
-0.259124 -0.499455
-0.259360 -0.501987
-0.259400 -0.505510
-0.258974 -0.509067
-0.257847 -0.512202
-0.256230 -0.513403
-0.253152 -0.514851
-0.248912 -0.516578
-0.244676 -0.517614
-0.239764 -0.518825
-0.235101 -0.520069
-0.230692 -0.521643
-0.227639 -0.523255
-0.226101 -0.524733
-0.223929 -0.527290
-0.221916 -0.530202
-0.220739 -0.532705
-0.219212 -0.536239
-0.217478 -0.540267
-0.215720 -0.544175
-0.214191 -0.547128
-0.211990 -0.550822
-0.210206 -0.553310
-0.208866 -0.554917
-0.206849 -0.557613
-0.204769 -0.560842
-0.202864 -0.564446
-0.202141 -0.566849
-0.201751 -0.569558
-0.201233 -0.574074
-0.201061 -0.578476
-0.201169 -0.582237
-0.201109 -0.586690
-0.200696 -0.590572
-0.199791 -0.594413
-0.198588 -0.596388
-0.196481 -0.599107
-0.193854 -0.602123
-0.190907 -0.605275
-0.187799 -0.608582
-0.184929 -0.611706
-0.182947 -0.613961
-0.181801 -0.615362
-0.179022 -0.618468
-0.176018 -0.621565
-0.173485 -0.623752
-0.170793 -0.625655
-0.168556 -0.626758
-0.165501 -0.627874
-0.160905 -0.629294
-0.157920 -0.629531
-0.154644 -0.629539
-0.150958 -0.629548
-0.146701 -0.629781
-0.142676 -0.630274
-0.139510 -0.631515
-0.135737 -0.633312
-0.132308 -0.635134
-0.127843 -0.637236
-0.124085 -0.638763
-0.120724 -0.639794
-0.116780 -0.638644
-0.113041 -0.636131
-0.110997 -0.632932
-0.109948 -0.629827
-0.109329 -0.626470
-0.108685 -0.622229
-0.108154 -0.617985
-0.107549 -0.613794
-0.106453 -0.608788
-0.105206 -0.605396
-0.103701 -0.602981
-0.101687 -0.601123
-0.096337 -0.596147
-0.092425 -0.593636
-0.088849 -0.591584
-0.085306 -0.589777
-0.081939 -0.588361
-0.077951 -0.587004
-0.074082 -0.586036
-0.071699 -0.585814
-0.069893 -0.585898
-0.066090 -0.585867
-0.061400 -0.585714
-0.057021 -0.585470
-0.053273 -0.585141
-0.051432 -0.584828
-0.048943 -0.584365
-0.044638 -0.583698
-0.040500 -0.583148
-0.036952 -0.582828
-0.032529 -0.582555
-0.029788 -0.582531
-0.027252 -0.582524
-0.024691 -0.582444
-0.021433 -0.582223
-0.016966 -0.581808
-0.014536 -0.581392
-0.009660 -0.580595
-0.004953 -0.579735
-0.002587 -0.579131
0.000589 -0.578151
0.004750 -0.576677
0.008293 -0.575126
0.012526 -0.573067
0.015629 -0.571250
0.018211 -0.569563
0.021482 -0.567450
0.025528 -0.565005
0.028620 -0.563376
0.031965 -0.561946
0.036321 -0.560556
0.039829 -0.560065
0.042298 -0.560368
0.046061 -0.561075
0.050494 -0.562064
0.055529 -0.563265
0.060061 -0.564487
0.064143 -0.565623
0.067917 -0.566648
0.071427 -0.567574
0.076083 -0.568841
0.080021 -0.570047
0.083930 -0.571516
0.086858 -0.573155
0.089930 -0.575473
0.091325 -0.577407
0.092514 -0.579908
0.093650 -0.582953
0.095292 -0.587255
0.096710 -0.591300
0.097786 -0.594373
0.099338 -0.598218
0.100993 -0.601685
0.102750 -0.604753
0.104368 -0.606972
0.106732 -0.609861
0.109793 -0.613285
0.112246 -0.615410
0.115241 -0.617638
0.118779 -0.619957
0.122124 -0.621766
0.125424 -0.623242
0.128406 -0.624285
0.131842 -0.625273
0.136205 -0.626368
0.140890 -0.627340
0.144861 -0.627870
0.148842 -0.628155
0.152946 -0.628200
0.157047 -0.628007
0.160041 -0.627634
0.162013 -0.627243
0.164417 -0.626760
0.167044 -0.626309
0.170794 -0.625844
0.174208 -0.625641
0.176761 -0.625782
0.179843 -0.626179
0.181593 -0.626672
0.183910 -0.627453
0.187643 -0.628573
0.191588 -0.629648
0.194916 -0.630415
0.196944 -0.630697
0.198828 -0.630829
0.203403 -0.631528
0.207616 -0.632404
0.210860 -0.633506
0.213683 -0.634931
0.215009 -0.636732
0.216814 -0.640165
0.218272 -0.644078
0.219380 -0.648250
0.220576 -0.652951
0.221666 -0.657397
0.222555 -0.660797
0.223759 -0.664690
0.225291 -0.668769
0.227042 -0.672397
0.229226 -0.675670
0.231567 -0.677989
0.233943 -0.679224
0.237345 -0.680390
0.240409 -0.678195
0.241192 -0.676405
0.243769 -0.672693
0.244212 -0.670532
0.244410 -0.668194
0.244741 -0.665343
0.245411 -0.661659
0.246085 -0.659082
0.246899 -0.657227
0.248958 -0.652916
0.250996 -0.649927
0.252772 -0.648195
0.254517 -0.647107
0.258828 -0.643783
0.262766 -0.641339
0.265623 -0.640118
0.269374 -0.638695
0.273246 -0.637391
0.276409 -0.636490
0.279628 -0.635618
0.283085 -0.634653
0.286239 -0.633707
0.289818 -0.632539
0.292710 -0.631491
0.296175 -0.630189
0.299454 -0.628948
0.302985 -0.627662
0.305978 -0.626655
0.311480 -0.624895
0.314728 -0.623980
0.316953 -0.623402
0.320414 -0.622508
0.323915 -0.621613
0.327151 -0.620793
0.329709 -0.620142
0.332421 -0.619420
0.336865 -0.618133
0.339103 -0.617294
0.342786 -0.615720
0.346457 -0.613984
0.347981 -0.613014
0.349936 -0.611697
0.353495 -0.609538
0.359074 -0.606444
0.361614 -0.605195
0.363853 -0.603877
0.368812 -0.600018
0.370001 -0.598000
0.372549 -0.593625
0.374655 -0.590447
0.377290 -0.587869
0.379089 -0.587024
0.386421 -0.587448
0.390741 -0.588286
0.393765 -0.589133
0.395654 -0.589511
0.398931 -0.589750
0.401307 -0.589438
0.406847 -0.588729
0.409703 -0.587601
0.414538 -0.585867
0.420063 -0.584048
0.422677 -0.583249
0.424597 -0.582776
0.428993 -0.581757
0.432512 -0.581097
0.437402 -0.580220
0.442094 -0.579456
0.446298 -0.578834
0.452087 -0.577954
0.454824 -0.577587
0.457767 -0.577192
0.462530 -0.576507
0.465226 -0.576056
0.469268 -0.575293
0.472560 -0.574532
0.476865 -0.573364
0.480955 -0.572004
0.485266 -0.570292
0.488775 -0.568504
0.491803 -0.566589
0.494021 -0.564801
0.496198 -0.562750
0.499280 -0.559794
0.501991 -0.557050
0.503433 -0.555502
0.505550 -0.553337
0.509346 -0.549730
0.512150 -0.547318
0.515050 -0.544976
0.516965 -0.543600
0.519773 -0.541652
0.522898 -0.539544
0.525537 -0.537850
0.528730 -0.535841
0.532522 -0.533455
0.535721 -0.531432
0.537672 -0.530135
0.540278 -0.528263
0.542967 -0.526132
0.545123 -0.524135
0.547190 -0.521870
0.550148 -0.518383
0.552814 -0.514924
0.554422 -0.512545
0.555649 -0.510831
0.559527 -0.506744
0.562094 -0.504764
0.565873 -0.502011
0.569490 -0.499521
0.572649 -0.497404
0.574571 -0.496094
0.577570 -0.493926
0.579856 -0.492115
0.581640 -0.490498
0.583333 -0.488757
0.584667 -0.487176
0.588370 -0.483238
0.589646 -0.481526
0.592422 -0.477855
0.593947 -0.475707
0.595685 -0.473252
0.597139 -0.471287
0.598539 -0.469595
0.600348 -0.467668
0.604570 -0.463029
0.606156 -0.461531
0.607635 -0.459975
0.610217 -0.456930
0.611648 -0.454805
0.612921 -0.452455
0.613835 -0.450272
0.614838 -0.447453
0.615959 -0.443961
0.617071 -0.440109
0.617749 -0.437171
0.618246 -0.434444
0.618981 -0.430064
0.619391 -0.426725
0.619876 -0.422821
0.620425 -0.419542
0.621184 -0.416602
0.622137 -0.414266
0.623505 -0.411709
0.625004 -0.409491
0.626576 -0.407566
0.628502 -0.405372
0.631768 -0.401363
0.634824 -0.397689
0.636353 -0.395883
0.638884 -0.392779
0.641175 -0.389814
0.643080 -0.387120
0.645197 -0.383888
0.647086 -0.380726
0.648932 -0.377378
0.650570 -0.374155
0.651897 -0.371324
0.653193 -0.368460
0.654622 -0.365340
0.656291 -0.361847
0.658376 -0.357756
0.660560 -0.353875
0.662450 -0.351018
0.663998 -0.349244
0.667064 -0.345974
0.669756 -0.343446
0.672712 -0.340543
0.675099 -0.337833
0.677423 -0.334599
0.679967 -0.330499
0.683684 -0.324327
0.685400 -0.319897
0.685942 -0.317048
0.686638 -0.313044
0.687056 -0.310075
0.687411 -0.308107
0.688307 -0.304584
0.689323 -0.301389
0.690157 -0.299333
0.691568 -0.293533
0.691910 -0.291197
0.692443 -0.285301
0.693053 -0.278832
0.693134 -0.275685
0.692903 -0.270678
0.692033 -0.268849
0.688776 -0.263757
0.685834 -0.260727
0.682552 -0.258043
0.678843 -0.255602
0.675158 -0.253788
0.672009 -0.252778
0.669255 -0.252241
0.665852 -0.251591
0.661527 -0.250428
0.656940 -0.248463
0.655831 -0.246163
0.655482 -0.244173
0.656718 -0.242672
0.659007 -0.239794
0.662052 -0.235975
0.665086 -0.233377
0.668459 -0.230727
0.672292 -0.227605
0.675917 -0.224063
0.678635 -0.220398
0.679262 -0.217601
0.679447 -0.213594
0.678696 -0.210173
0.677237 -0.206576
0.675162 -0.202961
0.672533 -0.199283
0.669529 -0.195768
0.666468 -0.192770
0.662960 -0.189431
0.659493 -0.185358
0.657896 -0.181200
0.659771 -0.180058
0.664550 -0.177111
0.667751 -0.175332
0.668568 -0.171980
0.668773 -0.168024
0.667906 -0.165117
0.666331 -0.162190
0.664136 -0.158724
0.661614 -0.155210
0.658740 -0.151168
0.656222 -0.147668
0.654173 -0.144668
0.652349 -0.141766
0.650511 -0.138606
0.648522 -0.134981
0.646267 -0.130716
0.644220 -0.126637
0.642152 -0.122376
0.640192 -0.118191
0.638394 -0.114206
0.636422 -0.109745
0.634759 -0.105853
0.633125 -0.101958
0.631290 -0.097610
0.629664 -0.093867
0.627870 -0.090022
0.625389 -0.085150
0.622923 -0.080946
0.620763 -0.078008
0.618413 -0.075310
0.615892 -0.072827
0.612453 -0.069629
0.608791 -0.066464
0.605473 -0.063837
0.601990 -0.061125
0.598972 -0.058734
0.595608 -0.055824
0.592450 -0.052691
0.589914 -0.049571
0.588219 -0.046714
0.587377 -0.044364
0.587072 -0.042224
0.587090 -0.039798
0.587483 -0.037228
0.588304 -0.033358
0.589563 -0.028981
0.591164 -0.025023
0.593074 -0.021141
0.595118 -0.017582
0.597105 -0.014477
0.599219 -0.011246
0.601280 -0.008110
0.603322 -0.005053
0.605452 -0.002042
0.607943 0.001198
0.609952 0.003429
0.612839 0.006444
0.614451 0.007837
0.617519 0.010596
0.619219 0.012112
0.621664 0.014365
0.623026 0.015704
0.625174 0.017875
0.628408 0.021126
0.630453 0.023194
0.632536 0.025193
0.634500 0.026909
0.636246 0.028172
0.642740 0.032789
0.646742 0.035142
0.650671 0.037325
0.654471 0.039324
0.656309 0.040141
0.658331 0.040900
0.660986 0.041761
0.665473 0.043149
0.669597 0.044305
0.672250 0.044995
0.674602 0.045700
0.676566 0.046527
0.679786 0.049320
0.683682 0.054185
0.683609 0.056711
0.680409 0.062825
0.677797 0.064784
0.675042 0.066333
0.672605 0.067325
0.670443 0.067946
0.667140 0.068893
0.663060 0.070111
0.659133 0.071327
0.655555 0.072527
0.652108 0.073780
0.648294 0.075210
0.645291 0.076326
0.641029 0.077723
0.636640 0.078900
0.632186 0.079736
0.628865 0.079879
0.626022 0.079562
0.622376 0.078828
0.619013 0.077733
0.615540 0.076239
0.612855 0.074661
0.608451 0.072122
0.604811 0.069835
0.600936 0.067506
0.597651 0.065753
0.594040 0.064173
0.590639 0.063132
0.587308 0.062604
0.583885 0.062574
0.580278 0.063074
0.576636 0.064151
0.573947 0.065604
0.572954 0.067168
0.570463 0.070853
0.568509 0.074523
0.565895 0.079115
0.563881 0.082709
0.561490 0.086376
0.558831 0.089717
0.556490 0.091910
0.554555 0.093124
0.552024 0.094404
0.547402 0.097002
0.544280 0.098360
0.539985 0.100385
0.535854 0.102513
0.532471 0.104579
0.529093 0.107069
0.525626 0.110152
0.523131 0.113188
0.521059 0.116582
0.519842 0.119811
0.519339 0.122911
0.519486 0.125938
0.520144 0.129984
0.521392 0.133646
0.522928 0.136123
0.524659 0.137209
0.528007 0.138927
0.531601 0.140417
0.535920 0.142114
0.539002 0.143048
0.543470 0.144609
0.547337 0.146151
0.550654 0.147788
0.553981 0.149791
0.556936 0.151984
0.559718 0.154429
0.562250 0.156982
0.564443 0.159439
0.567377 0.162667
0.570855 0.166329
0.574102 0.169556
0.577123 0.172306
0.579998 0.174697
0.583561 0.177576
0.587196 0.180469
0.591028 0.183576
0.595069 0.186983
0.598806 0.190315
0.602009 0.193390
0.604255 0.195781
0.607106 0.198868
0.610481 0.202446
0.614001 0.206003
0.617335 0.209053
0.620620 0.211634
0.623698 0.213577
0.626509 0.214873
0.629652 0.215929
0.632376 0.216384
0.636756 0.216853
0.640762 0.216783
0.643954 0.216195
0.646398 0.215234
0.648693 0.213812
0.651971 0.211376
0.654721 0.208611
0.655826 0.206471
0.656362 0.204260
0.655872 0.198801
0.655097 0.194813
0.653926 0.190330
0.652502 0.185877
0.651033 0.181728
0.649780 0.178128
0.648568 0.173965
0.648098 0.171222
0.647808 0.167986
0.647595 0.164113
0.647604 0.161569
0.647483 0.158209
0.646846 0.152248
0.646326 0.148206
0.646185 0.146306
0.646922 0.144462
0.648479 0.142642
0.650327 0.141724
0.652275 0.141571
0.654378 0.142242
0.658304 0.143268
0.661361 0.144789
0.664650 0.146739
0.667880 0.148884
0.671610 0.151380
0.675092 0.153740
0.678622 0.156079
0.682188 0.158346
0.685719 0.160468
0.689284 0.162473
0.693072 0.164459
0.696849 0.166269
0.700412 0.167794
0.703704 0.169036
0.706734 0.170053
0.710228 0.171201
0.714332 0.172624
0.717505 0.173845
0.721040 0.175405
0.724844 0.177324
0.728060 0.179252
0.731390 0.181498
0.734136 0.183626
0.737082 0.186068
0.740555 0.188998
0.744597 0.192378
0.748325 0.195479
0.752064 0.198520
0.755287 0.201049
0.758421 0.203425
0.762081 0.206141
0.765858 0.208894
0.769191 0.211297
0.772401 0.213647
0.775482 0.215990
0.778281 0.218262
0.781303 0.220905
0.784331 0.223795
0.786740 0.226425
0.789211 0.229413
0.791988 0.232984
0.794540 0.236453
0.797262 0.240090
0.799896 0.243329
0.803060 0.246715
0.806160 0.249286
0.808414 0.249900
0.814981 0.250724
0.819351 0.250326
0.823251 0.249743
0.826963 0.249118
0.831099 0.248535
0.835352 0.248221
0.839698 0.248400
0.843730 0.249239
0.845758 0.250453
0.846866 0.252060
0.849670 0.255081
0.852743 0.258203
0.855499 0.260735
0.858354 0.263087
0.861640 0.265636
0.865444 0.268537
0.869078 0.271258
0.872623 0.273911
0.875359 0.275963
0.878450 0.278313
0.881389 0.280638
0.884425 0.283205
0.886536 0.285231
0.888146 0.287078
0.890680 0.290145
0.892434 0.292487
0.893845 0.294214
0.896792 0.296887
0.900004 0.299060
0.902210 0.299647
0.904777 0.299767
0.909752 0.300618
0.915587 0.302166
