69
1001
0.086079 0.769173
0.087154 0.773727
0.087226 0.778601
0.086504 0.783719
0.085198 0.789009
0.083517 0.794397
0.081670 0.799809
0.079866 0.805172
0.078314 0.810410
0.077223 0.815452
0.076173 0.822968
0.071525 0.827123
0.066027 0.831353
0.050384 0.836879
0.032758 0.842123
0.014812 0.847053
-0.000932 0.851325
-0.013524 0.856441
-0.020002 0.863705
-0.017407 0.874418
-0.013908 0.883220
-0.011150 0.887483
-0.006980 0.890426
-0.002922 0.892365
0.001315 0.893892
0.031047 0.889608
0.051757 0.883601
0.072012 0.876015
0.077086 0.875280
0.093121 0.874898
0.099140 0.875651
0.101409 0.875954
0.103990 0.876740
0.109174 0.878322
0.114299 0.879998
0.119259 0.881863
0.123946 0.884011
0.128254 0.886537
0.132075 0.889536
0.135304 0.893103
0.137834 0.897333
0.139661 0.902744
0.140747 0.907453
0.141773 0.912170
0.142740 0.916895
0.143647 0.921627
0.144491 0.926368
0.145274 0.931116
0.151192 0.973539
0.150856 0.977276
0.112041 0.995780
0.062541 1.002103
0.030566 0.995085
-0.004615 0.974043
-0.041950 0.949515
-0.153207 0.836597
-0.239372 0.698833
-0.324488 0.558878
-0.404185 0.417873
-0.405346 0.415610
-0.407669 0.411084
-0.409995 0.406560
-0.412322 0.402038
-0.414651 0.397518
-0.416983 0.392999
-0.419316 0.388482
-0.421650 0.383967
-0.423987 0.379454
-0.426325 0.374942
-0.428664 0.370431
-0.431005 0.365922
-0.433347 0.361415
-0.435691 0.356909
-0.438035 0.352404
-0.440381 0.347901
-0.442729 0.343399
-0.445077 0.338898
-0.447426 0.334398
-0.449776 0.329900
-0.452127 0.325403
-0.454478 0.320907
-0.456831 0.316412
-0.459184 0.311918
-0.461537 0.307425
-0.463891 0.302933
-0.466246 0.298442
-0.468601 0.293952
-0.470956 0.289463
-0.473312 0.284974
-0.475667 0.280487
-0.478023 0.276000
-0.480379 0.271513
-0.482735 0.267028
-0.485091 0.262543
-0.487447 0.258059
-0.489802 0.253575
-0.492157 0.249091
-0.494512 0.244609
-0.496866 0.240126
-0.499220 0.235644
-0.501574 0.231163
-0.503927 0.226681
-0.506279 0.222200
-0.508630 0.217719
-0.510981 0.213239
-0.513330 0.208758
-0.515679 0.204278
-0.518027 0.199798
-0.520374 0.195317
-0.522719 0.190837
-0.525063 0.186357
-0.527407 0.181877
-0.529748 0.177396
-0.532089 0.172916
-0.534428 0.168435
-0.536765 0.163954
-0.539101 0.159473
-0.541435 0.154991
-0.543767 0.150510
-0.546098 0.146027
-0.548426 0.141545
-0.550753 0.137062
-0.553078 0.132578
-0.555401 0.128094
-0.557721 0.123610
-0.560040 0.119124
-0.562356 0.114639
-0.564670 0.110152
-0.566981 0.105665
-0.569290 0.101177
-0.571597 0.096688
-0.573900 0.092198
-0.576202 0.087708
-0.578500 0.083216
-0.580796 0.078724
-0.583089 0.074231
-0.585379 0.069736
-0.587665 0.065241
-0.589949 0.060744
-0.592230 0.056247
-0.594508 0.051748
-0.596782 0.047248
-0.599053 0.042746
-0.601321 0.038244
-0.603585 0.033740
-0.605845 0.029235
-0.608103 0.024728
-0.610356 0.020220
-0.612606 0.015710
-0.614852 0.011199
-0.617094 0.006686
-0.619332 0.002172
-0.621566 -0.002344
-0.623796 -0.006862
-0.626022 -0.011381
-0.628244 -0.015902
-0.630462 -0.020425
-0.632675 -0.024950
-0.634884 -0.029476
-0.637089 -0.034005
-0.639289 -0.038535
-0.641484 -0.043067
-0.643675 -0.047602
-0.645861 -0.052138
-0.648042 -0.056677
-0.650219 -0.061217
-0.652390 -0.065760
-0.654557 -0.070305
-0.656718 -0.074853
-0.658875 -0.079402
-0.661026 -0.083954
-0.663172 -0.088508
-0.665313 -0.093065
-0.667448 -0.097624
-0.669578 -0.102186
-0.671703 -0.106750
-0.673822 -0.111317
-0.675935 -0.115886
-0.678043 -0.120458
-0.680144 -0.125032
-0.682240 -0.129610
-0.684330 -0.134190
-0.686415 -0.138772
-0.688493 -0.143358
-0.690565 -0.147947
-0.692630 -0.152538
-0.694690 -0.157132
-0.696743 -0.161730
-0.698790 -0.166330
-0.700831 -0.170933
-0.702865 -0.175540
-0.704893 -0.180149
-0.706913 -0.184762
-0.708928 -0.189378
-0.710935 -0.193997
-0.712936 -0.198620
-0.714929 -0.203245
-0.716916 -0.207875
-0.718896 -0.212507
-0.720869 -0.217143
-0.722834 -0.221782
-0.724792 -0.226425
-0.726743 -0.231072
-0.728687 -0.235722
-0.730623 -0.240376
-0.732552 -0.245033
-0.734473 -0.249694
-0.736387 -0.254359
-0.738293 -0.259028
-0.740191 -0.263700
-0.742082 -0.268376
-0.743964 -0.273057
-0.745839 -0.277741
-0.747705 -0.282429
-0.749564 -0.287121
-0.751414 -0.291817
-0.753256 -0.296517
-0.755090 -0.301221
-0.756915 -0.305930
-0.758733 -0.310643
-0.760541 -0.315360
-0.762341 -0.320081
-0.764133 -0.324806
-0.765916 -0.329536
-0.767690 -0.334270
-0.769455 -0.339009
-0.771211 -0.343752
-0.772959 -0.348500
-0.774697 -0.353252
-0.776427 -0.358009
-0.778147 -0.362770
-0.779858 -0.367537
-0.781560 -0.372307
-0.783252 -0.377083
-0.784935 -0.381863
-0.786512 -0.386373
-0.787392 -0.388708
-0.789446 -0.393146
-0.791871 -0.397294
-0.794641 -0.401175
-0.797727 -0.404810
-0.801103 -0.408222
-0.804740 -0.411434
-0.808611 -0.414467
-0.812689 -0.417344
-0.816947 -0.420087
-0.821357 -0.422718
-0.825891 -0.425260
-0.830523 -0.427735
-0.835224 -0.430165
-0.839967 -0.432573
-0.844725 -0.434981
-0.849470 -0.437410
-0.854176 -0.439885
-0.858813 -0.442426
-0.863356 -0.445056
-0.867777 -0.447797
-0.872047 -0.450673
-0.876140 -0.453704
-0.902778 -0.479283
-0.906629 -0.483604
-0.907935 -0.489827
-0.899241 -0.542928
-0.885607 -0.597737
-0.876151 -0.606002
-0.864781 -0.614496
-0.857585 -0.616970
-0.849245 -0.619284
-0.845738 -0.619809
-0.831305 -0.619587
-0.816515 -0.619007
-0.811756 -0.618306
-0.800680 -0.615348
-0.787029 -0.610227
-0.784208 -0.609334
-0.779492 -0.608008
-0.775976 -0.607251
-0.773619 -0.607017
-0.400214 -0.643253
-0.237617 -0.651916
-0.235340 -0.652027
-0.230740 -0.652107
-0.226083 -0.652002
-0.221373 -0.651722
-0.216616 -0.651272
-0.211815 -0.650659
-0.206975 -0.649892
-0.202101 -0.648976
-0.197197 -0.647918
-0.192268 -0.646727
-0.187318 -0.645409
-0.182351 -0.643970
-0.177372 -0.642419
-0.172387 -0.640762
-0.167398 -0.639006
-0.162411 -0.637158
-0.157431 -0.635226
-0.152461 -0.633216
-0.147506 -0.631135
-0.142571 -0.628991
-0.137661 -0.626791
-0.132779 -0.624541
-0.127930 -0.622249
-0.123119 -0.619922
-0.118351 -0.617567
-0.113630 -0.615190
-0.108959 -0.612800
-0.104345 -0.610402
-0.099791 -0.608005
-0.095302 -0.605615
-0.090883 -0.603239
-0.086537 -0.600884
-0.082270 -0.598558
-0.078085 -0.596267
-0.073989 -0.594019
-0.061790 -0.587244
-0.036459 -0.573947
-0.026015 -0.570103
0.002093 -0.574880
0.015474 -0.588530
0.003592 -0.604023
-0.021888 -0.621614
-0.025370 -0.624494
-0.031320 -0.629883
-0.035979 -0.634798
-0.039417 -0.639259
-0.041704 -0.643289
-0.042910 -0.646909
-0.043105 -0.650141
-0.042360 -0.653007
-0.040745 -0.655529
-0.038331 -0.657727
-0.035187 -0.659625
-0.031384 -0.661243
-0.026993 -0.662604
-0.022083 -0.663729
-0.016725 -0.664640
-0.010988 -0.665358
-0.004945 -0.665906
0.001336 -0.666305
0.007785 -0.666577
0.014329 -0.666743
0.020901 -0.666826
0.027428 -0.666846
0.033841 -0.666827
0.040070 -0.666789
0.046044 -0.666754
0.051694 -0.666745
0.056947 -0.666782
0.093182 -0.667124
0.124727 -0.666899
0.130791 -0.665998
0.135605 -0.664973
0.140028 -0.664179
0.145536 -0.662637
0.150966 -0.660787
0.205089 -0.630959
0.232215 -0.640708
0.214486 -0.698341
0.200084 -0.716111
0.177877 -0.741312
0.137230 -0.780828
0.087830 -0.807044
0.085903 -0.807673
0.085799 -0.807707
0.085116 -0.807930
0.084134 -0.808251
0.083252 -0.808539
0.082869 -0.808664
0.066620 -0.811449
0.049939 -0.814036
0.045267 -0.814590
0.040072 -0.815760
0.035165 -0.818269
0.021181 -0.831909
0.007551 -0.847013
0.004434 -0.857508
0.003292 -0.863168
0.004552 -0.870635
0.007135 -0.878252
0.009508 -0.882661
0.013775 -0.885289
0.017456 -0.888313
0.026776 -0.891858
0.032598 -0.893201
0.053767 -0.896852
0.075216 -0.897639
0.137078 -0.889614
0.187441 -0.862371
0.226787 -0.818622
0.255597 -0.761076
0.256376 -0.759022
0.258015 -0.754907
0.259758 -0.750784
0.261604 -0.746652
0.263550 -0.742514
0.265593 -0.738371
0.267732 -0.734222
0.269964 -0.730069
0.272287 -0.725914
0.274698 -0.721757
0.277195 -0.717599
0.279775 -0.713441
0.282437 -0.709284
0.285178 -0.705128
0.287995 -0.700976
0.290887 -0.696828
0.293850 -0.692685
0.296883 -0.688547
0.299983 -0.684417
0.303148 -0.680294
0.306375 -0.676180
0.309663 -0.672076
0.313008 -0.667982
0.316409 -0.663900
0.319863 -0.659831
0.323367 -0.655776
0.326920 -0.651735
0.330519 -0.647710
0.334161 -0.643701
0.337845 -0.639710
0.341568 -0.635737
0.345327 -0.631784
0.349121 -0.627851
0.352946 -0.623940
0.356801 -0.620051
0.360683 -0.616185
0.364590 -0.612344
0.368520 -0.608528
0.372470 -0.604738
0.376437 -0.600976
0.380420 -0.597242
0.384416 -0.593537
0.388423 -0.589862
0.392438 -0.586218
0.396459 -0.582607
0.400484 -0.579028
0.404510 -0.575484
0.408535 -0.571974
0.412557 -0.568501
0.416573 -0.565064
0.420581 -0.561666
0.424579 -0.558306
0.428564 -0.554987
0.432533 -0.551708
0.436485 -0.548471
0.440418 -0.545276
0.444328 -0.542126
0.448214 -0.539020
0.452072 -0.535960
0.455902 -0.532947
0.459700 -0.529981
0.463464 -0.527064
0.467192 -0.524196
0.470881 -0.521379
0.474529 -0.518614
0.478133 -0.515901
0.481692 -0.513242
0.485203 -0.510637
0.489404 -0.507498
0.502356 -0.499941
0.515069 -0.498512
0.525998 -0.506809
0.534406 -0.519723
0.540183 -0.532671
0.543163 -0.541808
0.544336 -0.545646
0.544836 -0.548057
0.546210 -0.553440
0.548047 -0.559187
0.549436 -0.562667
0.549455 -0.562951
0.549592 -0.565085
0.549842 -0.568993
0.550183 -0.574303
0.550590 -0.580641
0.551038 -0.587633
0.551505 -0.594905
0.551966 -0.602083
0.552396 -0.608795
0.552773 -0.614665
0.553072 -0.619321
0.553268 -0.622389
0.553339 -0.623495
0.548702 -0.680418
0.539100 -0.739007
0.536772 -0.752404
0.535832 -0.757112
0.519958 -0.798385
0.503172 -0.840663
0.497594 -0.855189
0.492367 -0.869742
0.490950 -0.884238
0.490535 -0.899770
0.490673 -0.906664
0.490998 -0.913537
0.492416 -0.917712
0.496897 -0.919391
0.504822 -0.921177
0.512877 -0.923127
0.515838 -0.923802
0.521343 -0.924486
0.526358 -0.924342
0.530958 -0.923440
0.535219 -0.921853
0.539219 -0.919651
0.543033 -0.916907
0.546738 -0.913692
0.550410 -0.910078
0.554125 -0.906135
0.557960 -0.901936
0.561991 -0.897552
0.568333 -0.890399
0.572154 -0.885771
0.584934 -0.864271
0.593635 -0.847544
0.602438 -0.831159
0.614716 -0.822663
0.628755 -0.814026
0.641564 -0.808228
0.652203 -0.808594
0.656188 -0.817277
0.655917 -0.821666
0.651195 -0.855950
0.645586 -0.889790
0.641422 -0.923786
0.641355 -0.926819
0.641045 -0.932861
0.640561 -0.938845
0.639973 -0.944736
0.639351 -0.950504
0.638766 -0.956115
0.638288 -0.961536
0.637987 -0.966735
0.637933 -0.971679
0.638198 -0.976335
0.638852 -0.980671
0.639964 -0.984653
0.641605 -0.988250
0.643846 -0.991429
0.646758 -0.994156
0.650409 -0.996400
0.654872 -0.998127
0.665579 -1.000000
0.722756 -1.005130
0.777298 -0.993381
0.786588 -0.990016
0.791095 -0.988031
0.794977 -0.985285
0.797432 -0.980614
0.811162 -0.953215
0.824548 -0.925626
0.837012 -0.889133
0.848256 -0.851166
0.853838 -0.829599
0.854222 -0.826798
0.854867 -0.821246
0.855367 -0.815759
0.855746 -0.810336
0.856026 -0.804974
0.856230 -0.799672
0.856381 -0.794428
0.856500 -0.789240
0.856612 -0.784107
0.856738 -0.779026
0.856901 -0.773995
0.857124 -0.769014
0.857430 -0.764079
0.857841 -0.759189
0.858380 -0.754343
0.859069 -0.749538
0.859932 -0.744773
0.860990 -0.740045
0.862268 -0.735353
0.863786 -0.730695
0.865569 -0.726070
0.867638 -0.721475
0.870017 -0.716908
0.872728 -0.712368
0.875793 -0.707853
0.879236 -0.703361
0.888557 -0.679860
0.894396 -0.641628
0.898621 -0.601941
0.897244 -0.594774
0.895386 -0.587226
0.888347 -0.573260
0.876754 -0.549057
0.861559 -0.527463
0.858598 -0.524513
0.855242 -0.526046
0.812287 -0.593454
0.778005 -0.674698
0.776371 -0.681324
0.775972 -0.682989
0.774971 -0.684831
0.773733 -0.684843
0.772294 -0.683214
0.770691 -0.680129
0.768961 -0.675776
0.767141 -0.670341
0.765268 -0.664012
0.763378 -0.656974
0.761510 -0.649415
0.759700 -0.641522
0.757984 -0.633481
0.756400 -0.625480
0.754985 -0.617704
0.753776 -0.610342
0.752810 -0.603578
0.752123 -0.597602
0.751753 -0.592598
0.751737 -0.588755
0.752111 -0.586259
0.756869 -0.574251
0.766001 -0.552765
0.775927 -0.531871
0.786396 -0.511395
0.797159 -0.491167
0.807965 -0.471015
0.818566 -0.450766
0.828712 -0.430248
0.838153 -0.409290
0.838667 -0.404780
0.833349 -0.396317
0.826846 -0.387218
0.823440 -0.383714
0.819962 -0.380299
0.812165 -0.380926
0.781347 -0.397390
0.749290 -0.416991
0.722114 -0.443845
0.719037 -0.448164
0.715793 -0.453027
0.713230 -0.458296
0.707114 -0.471038
0.700977 -0.483781
0.692586 -0.501089
0.680509 -0.529964
0.679511 -0.532956
0.677542 -0.538846
0.675597 -0.544593
0.673661 -0.550176
0.671720 -0.555574
0.669759 -0.560767
0.667762 -0.565734
0.665716 -0.570455
0.663606 -0.574909
0.661416 -0.579076
0.659132 -0.582934
0.656740 -0.586464
0.654224 -0.589644
0.651569 -0.592455
0.648762 -0.594875
0.645787 -0.596884
0.642629 -0.598462
0.639274 -0.599587
0.635707 -0.600240
0.631913 -0.600399
0.627877 -0.600045
0.623585 -0.599156
0.619022 -0.597711
0.614173 -0.595692
0.609024 -0.593075
0.603559 -0.589843
0.597764 -0.585972
0.591624 -0.581444
0.585124 -0.576237
0.584754 -0.575929
0.582326 -0.573912
0.578832 -0.571009
0.575694 -0.568401
0.577318 -0.564746
0.575709 -0.561359
0.574858 -0.559484
0.573356 -0.555655
0.572114 -0.551724
0.571123 -0.547694
0.570375 -0.543570
0.569861 -0.539355
0.569571 -0.535054
0.569498 -0.530671
0.569632 -0.526209
0.569965 -0.521674
0.570488 -0.517068
0.571193 -0.512396
0.572070 -0.507662
0.573110 -0.502870
0.574306 -0.498023
0.575649 -0.493127
0.577129 -0.488186
0.578738 -0.483202
0.580467 -0.478181
0.582307 -0.473125
0.584250 -0.468040
0.586287 -0.462930
0.588410 -0.457798
0.590609 -0.452648
0.592270 -0.448865
0.593663 -0.445716
0.596371 -0.439639
0.598985 -0.433847
0.601518 -0.428327
0.603980 -0.423065
0.606384 -0.418046
0.608742 -0.413257
0.611065 -0.408684
0.613366 -0.404314
0.615655 -0.400133
0.617945 -0.396126
0.620248 -0.392281
0.622575 -0.388583
0.624939 -0.385019
0.627350 -0.381575
0.629822 -0.378237
0.632365 -0.374991
0.634991 -0.371824
0.637713 -0.368722
0.640542 -0.365671
0.643490 -0.362657
0.646569 -0.359667
0.649790 -0.356687
0.653165 -0.353703
0.656707 -0.350701
0.660426 -0.347667
0.664336 -0.344588
0.668446 -0.341451
0.672771 -0.338240
0.677320 -0.334943
0.682107 -0.331546
0.687142 -0.328035
0.692438 -0.324396
0.710081 -0.313822
0.758629 -0.291674
0.763270 -0.288885
0.767176 -0.285338
0.770674 -0.280638
0.774142 -0.275324
0.776660 -0.270492
0.779189 -0.266230
0.786332 -0.241320
0.792818 -0.215151
0.793246 -0.209603
0.791449 -0.204465
0.787546 -0.196300
0.783287 -0.188202
0.780055 -0.185108
0.777625 -0.182028
0.772010 -0.180678
0.765678 -0.179758
0.761711 -0.181371
0.752795 -0.196656
0.743287 -0.212655
0.735379 -0.224681
0.727085 -0.236450
0.723644 -0.239018
0.699022 -0.247983
0.672597 -0.256680
0.670143 -0.257270
0.667228 -0.257648
0.661601 -0.258063
0.656236 -0.258040
0.651123 -0.257597
0.646252 -0.256752
0.641612 -0.255524
0.637194 -0.253930
0.632987 -0.251990
0.628981 -0.249721
0.625166 -0.247141
0.621531 -0.244270
0.618067 -0.241125
0.614763 -0.237724
0.611609 -0.234087
0.608595 -0.230231
0.605710 -0.226174
0.602945 -0.221935
0.600289 -0.217533
0.597731 -0.212985
0.595263 -0.208310
0.592873 -0.203526
0.590551 -0.198651
0.588288 -0.193704
0.586072 -0.188703
0.583894 -0.183666
0.581744 -0.178613
0.579611 -0.173560
0.577485 -0.168526
0.575356 -0.163530
0.573213 -0.158590
0.571047 -0.153724
0.558593 -0.129160
0.564826 -0.097247
0.574198 -0.062195
0.578104 -0.055259
0.596606 -0.046160
0.617590 -0.037347
0.620715 -0.036677
0.623922 -0.036013
0.625574 -0.035479
0.628926 -0.033674
0.632311 -0.030975
0.635692 -0.027487
0.639034 -0.023314
0.642300 -0.018561
0.645455 -0.013333
0.648461 -0.007733
0.651284 -0.001868
0.653886 0.004159
0.656231 0.010243
0.658285 0.016279
0.660009 0.022163
0.661368 0.027789
0.662327 0.033054
0.662848 0.037852
0.662896 0.042079
0.662434 0.045631
0.661427 0.048402
0.659573 0.051657
0.652724 0.059993
0.634384 0.071972
0.556458 0.114404
0.468624 0.124627
0.377970 0.109958
0.328077 0.096035
0.251844 0.060507
0.179101 0.016463
0.177673 0.015838
0.174755 0.014906
0.171759 0.014385
0.168691 0.014264
0.165608 0.014524
0.163317 0.015006
0.159777 0.016769
0.157499 0.019496
0.156328 0.023072
0.156107 0.027381
0.156682 0.032306
0.157897 0.037731
0.159596 0.043540
0.161625 0.049615
0.163828 0.055842
0.166050 0.062103
0.168134 0.068282
0.169927 0.074264
0.171272 0.079930
0.172275 0.093028
0.172329 0.113590
0.166199 0.137817
0.152557 0.151178
0.129345 0.149586
0.114493 0.144186
0.107292 0.141511
0.099103 0.138291
0.097268 0.137546
0.093729 0.136809
0.087402 0.135789
0.081975 0.135411
0.077321 0.135717
0.073318 0.136751
0.069841 0.138555
0.066765 0.141172
0.063967 0.144645
0.061322 0.149017
0.058706 0.154331
0.054734 0.163697
0.052404 0.169570
0.050188 0.175377
0.048091 0.181105
0.046116 0.186743
0.044271 0.192277
0.042558 0.197696
0.040984 0.202985
0.039554 0.208134
0.038272 0.213128
0.037144 0.217957
0.036175 0.222606
0.035369 0.227065
0.034731 0.231319
0.034267 0.235357
0.033982 0.239165
0.033881 0.242732
0.033968 0.246045
0.039943 0.277471
0.045750 0.304320
0.045994 0.305877
0.046158 0.309362
0.045904 0.313294
0.045253 0.317625
0.044224 0.322301
0.042837 0.327272
0.041113 0.332487
0.039072 0.337895
0.036733 0.343443
0.034117 0.349082
0.031244 0.354759
0.028134 0.360423
0.024806 0.366024
0.021282 0.371510
0.017581 0.376829
0.013723 0.381931
0.009728 0.386764
0.005617 0.391277
0.001409 0.395419
-0.002876 0.399138
-0.007217 0.402383
-0.011595 0.405104
-0.015989 0.407248
-0.020379 0.408764
-0.024746 0.409602
-0.029069 0.409710
-0.033328 0.409036
-0.037503 0.407530
-0.041574 0.405141
-0.051564 0.395338
-0.100255 0.333691
-0.148774 0.270659
-0.166997 0.243958
-0.184217 0.216507
-0.201659 0.188546
-0.211781 0.172690
-0.215754 0.168310
-0.217185 0.171157
-0.211577 0.228026
-0.201446 0.291687
-0.188065 0.354806
-0.158889 0.402963
-0.123819 0.458886
-0.122562 0.460875
-0.120026 0.464857
-0.117461 0.468846
-0.114866 0.472841
-0.112244 0.476843
-0.109595 0.480851
-0.106920 0.484866
-0.104219 0.488888
-0.101494 0.492916
-0.098745 0.496951
-0.095974 0.500992
-0.093180 0.505040
-0.090366 0.509095
-0.087532 0.513156
-0.084678 0.517224
-0.081807 0.521299
-0.078917 0.525380
-0.076011 0.529469
-0.073090 0.533563
-0.070153 0.537665
-0.067203 0.541773
-0.064239 0.545889
-0.061263 0.550011
-0.058276 0.554139
-0.055278 0.558275
-0.052270 0.562417
-0.049254 0.566566
-0.046229 0.570722
-0.043198 0.574885
-0.040161 0.579055
-0.037118 0.583231
-0.034070 0.587415
-0.031019 0.591605
-0.027966 0.595802
-0.024910 0.600006
-0.021854 0.604218
-0.018797 0.608436
-0.015742 0.612660
-0.012687 0.616892
-0.009636 0.621131
-0.006587 0.625377
-0.003543 0.629630
-0.000504 0.633890
0.002529 0.638157
0.005555 0.642431
0.008573 0.646712
0.011583 0.651000
0.014584 0.655295
0.017574 0.659597
0.020553 0.663906
0.023520 0.668222
0.026474 0.672546
0.029414 0.676877
0.032340 0.681214
0.035250 0.685559
0.038144 0.689911
0.041020 0.694270
0.043878 0.698637
0.046718 0.703010
0.049537 0.707391
0.052336 0.711779
0.055113 0.716174
0.057868 0.720577
0.060599 0.724986
0.063306 0.729403
0.065988 0.733828
0.068644 0.738259
0.071274 0.742698
0.073875 0.747144
0.076448 0.751597
0.078992 0.756058
0.081505 0.760526
0.083988 0.765002
0.085101 0.767039
0
0
0
0
0
0
0
0
0
0
0
0
0
0
0
0
0
0
0
0
0
0
0
0
0
0
0
0
0
0
0
0
0
0
0
0
0
0
0
0
0
0
0
0
0
0
0
0
0
0
0
0
0
0
0
0
0
0
0
0
0
0
0
0
0
0
0
0
