69
2095
0.533550 -0.118866
0.528380 -0.120808
0.520940 -0.123602
0.514257 -0.126112
0.508451 -0.128848
0.493241 -0.137418
0.477875 -0.145372
0.472685 -0.145781
0.469184 -0.148000
0.468789 -0.145840
0.471451 -0.140920
0.473903 -0.135592
0.476524 -0.132248
0.478598 -0.128438
0.483173 -0.126336
0.486557 -0.122366
0.490658 -0.121607
0.500662 -0.119766
0.510664 -0.117987
0.515020 -0.117442
0.515598 -0.117344
0.519394 -0.116706
0.524856 -0.115786
0.529762 -0.114961
0.531868 -0.110729
0.537036 -0.100191
0.540061 -0.097243
0.542034 -0.096452
0.544139 -0.095688
0.548617 -0.093635
0.553269 -0.090977
0.557877 -0.087821
0.562220 -0.084278
0.566079 -0.080456
0.569234 -0.076465
0.574198 -0.062195
0.578104 -0.055259
0.596606 -0.046160
0.617590 -0.037347
0.620715 -0.036677
0.623922 -0.036013
0.625574 -0.035479
0.628926 -0.033674
0.632311 -0.030975
0.635692 -0.027487
0.639034 -0.023314
0.642300 -0.018561
0.645455 -0.013333
0.648461 -0.007733
0.651284 -0.001868
0.653886 0.004159
0.656231 0.010243
0.658284 0.016279
0.660009 0.022163
0.661368 0.027789
0.662327 0.033054
0.662848 0.037852
0.662896 0.042080
0.662434 0.045631
0.659573 0.051657
0.652724 0.059993
0.634384 0.071972
0.556458 0.114404
0.521163 0.118512
0.519097 0.118843
0.514721 0.119461
0.510048 0.120010
0.505118 0.120477
0.499969 0.120850
0.494640 0.121114
0.489169 0.121259
0.484618 0.121268
0.482593 0.121126
0.479694 0.120083
0.477978 0.118049
0.477028 0.115053
0.476216 0.106122
0.474443 0.101393
0.471100 0.103319
0.470003 0.104329
0.468068 0.105571
0.464272 0.108755
0.460458 0.112251
0.456488 0.115319
0.452224 0.117215
0.444890 0.116553
0.439868 0.115041
0.435088 0.113281
0.430588 0.111260
0.426407 0.108966
0.422584 0.106386
0.419156 0.103506
0.416162 0.100315
0.413640 0.096800
0.411768 0.090882
0.412064 0.086533
0.412652 0.083030
0.413084 0.079671
0.408871 0.076459
0.404165 0.073131
0.399848 0.069044
0.397138 0.064314
0.396577 0.058504
0.395681 0.054708
0.393365 0.059306
0.394887 0.064704
0.396863 0.070601
0.398475 0.076281
0.400035 0.081336
0.399942 0.085627
0.399327 0.088604
0.398776 0.101757
0.402701 0.123604
0.404312 0.129287
0.405336 0.134200
0.404855 0.137741
0.401949 0.139307
0.395698 0.138296
0.390386 0.135669
0.386265 0.131990
0.382759 0.127669
0.379525 0.122764
0.378980 0.124651
0.380542 0.129346
0.384532 0.139152
0.388041 0.144223
0.392298 0.149195
0.393914 0.151511
0.396833 0.155779
0.399135 0.159513
0.400584 0.162650
0.400384 0.169578
0.399084 0.174295
0.394538 0.173379
0.389520 0.170578
0.379909 0.163271
0.371844 0.154121
0.368535 0.150060
0.357340 0.129886
0.348068 0.108604
0.346150 0.105669
0.345546 0.104538
0.343984 0.102600
0.340756 0.100030
0.337190 0.098578
0.333044 0.097495
0.318246 0.090754
0.317374 0.090296
0.316249 0.088641
0.315687 0.086323
0.315378 0.083724
0.312792 0.072951
0.308029 0.063505
0.305250 0.059116
0.304027 0.058622
0.302654 0.060160
0.302307 0.063949
0.302495 0.068647
0.302730 0.072912
0.303390 0.078269
0.301379 0.082473
0.299805 0.087772
0.299305 0.093027
0.300785 0.100079
0.303357 0.106966
0.302165 0.111151
0.299180 0.114268
0.295482 0.111670
0.291488 0.105042
0.287747 0.097715
0.287592 0.093977
0.288771 0.089909
0.291080 0.087106
0.295319 0.085481
0.295396 0.081422
0.293045 0.076430
0.292808 0.073930
0.292161 0.068981
0.290940 0.064903
0.288735 0.062657
0.285133 0.063205
0.282224 0.064956
0.281353 0.065810
0.279493 0.067512
0.277065 0.069085
0.273804 0.069699
0.251844 0.060507
0.179101 0.016463
0.177673 0.015838
0.174755 0.014906
0.171759 0.014385
0.168691 0.014263
0.165608 0.014523
0.163317 0.015006
0.159777 0.016768
0.158013 0.018880
0.156766 0.020864
0.154831 0.024854
0.153606 0.028875
0.153043 0.032926
0.153095 0.037005
0.153716 0.041112
0.154860 0.045247
0.156480 0.049409
0.158529 0.053596
0.160961 0.057808
0.163730 0.062044
0.166788 0.066303
0.170088 0.070585
0.173586 0.074889
0.177233 0.079214
0.180984 0.083559
0.184791 0.087924
0.188608 0.092307
0.192390 0.096708
0.196088 0.101126
0.199656 0.105560
0.203048 0.110009
0.206218 0.114474
0.209118 0.118952
0.211703 0.123443
0.213925 0.127947
0.215737 0.132462
0.220645 0.161011
0.220525 0.165565
0.216462 0.167142
0.203181 0.167564
0.189305 0.166953
0.184595 0.164383
0.179638 0.161398
0.177296 0.159698
0.181898 0.144698
0.188446 0.126415
0.188068 0.126661
0.185322 0.128445
0.180539 0.131553
0.174459 0.135502
0.167825 0.139813
0.161375 0.144003
0.158202 0.146065
0.156532 0.146856
0.152845 0.147056
0.148830 0.145670
0.144646 0.143005
0.140454 0.139368
0.136414 0.135067
0.132686 0.130411
0.129430 0.125706
0.123972 0.115115
0.115500 0.098914
0.113346 0.094877
0.111074 0.098966
0.112828 0.109748
0.115527 0.121649
0.116246 0.123348
0.122262 0.135988
0.123716 0.139910
0.122305 0.140773
0.118838 0.139187
0.114128 0.135761
0.108984 0.131104
0.104217 0.125824
0.092101 0.105917
0.088079 0.102984
0.085631 0.106881
0.080122 0.112376
0.074626 0.117567
0.079461 0.124968
0.082334 0.128291
0.083386 0.129088
0.086156 0.131203
0.088440 0.133447
0.088592 0.135145
0.081974 0.135411
0.077321 0.135717
0.073318 0.136751
0.069841 0.138555
0.066765 0.141172
0.063967 0.144645
0.062210 0.147550
0.060629 0.149971
0.057325 0.153800
0.053749 0.156420
0.049802 0.158001
0.045385 0.158711
0.040398 0.158721
0.024142 0.155890
0.013455 0.151161
0.002705 0.145814
-0.001101 0.142106
-0.007430 0.135098
-0.013698 0.127931
-0.017027 0.123134
-0.021078 0.121536
-0.025256 0.119931
-0.029150 0.121213
-0.027779 0.124806
-0.023152 0.135344
-0.017762 0.145304
-0.010656 0.149347
0.001441 0.155886
0.013582 0.162445
0.025771 0.168925
0.036664 0.174533
0.038995 0.175447
0.042936 0.177267
0.045657 0.179432
0.046850 0.182362
0.046116 0.186743
0.044270 0.192277
0.042558 0.197695
0.040984 0.202985
0.039554 0.208134
0.038272 0.213128
0.037144 0.217957
0.036451 0.221279
0.035964 0.223533
0.034942 0.227298
0.033845 0.230064
0.032659 0.231823
0.028775 0.232818
0.014425 0.228402
-0.000571 0.222907
-0.005084 0.219870
-0.014271 0.212090
-0.025890 0.197242
-0.036235 0.181507
-0.040527 0.179697
-0.040322 0.184396
-0.037740 0.193808
-0.031277 0.201332
-0.019252 0.213569
-0.007006 0.225851
0.004819 0.237377
0.022633 0.250523
0.025114 0.251969
0.029852 0.254518
0.034676 0.256937
0.039522 0.259320
0.044327 0.261762
0.049026 0.264359
0.053556 0.267204
0.062068 0.273591
0.095409 0.292557
0.095827 0.292819
0.098822 0.294696
0.103917 0.297889
0.110179 0.301813
0.116674 0.305884
0.122469 0.309516
0.126631 0.312124
0.132508 0.316276
0.136447 0.321064
0.138356 0.327598
0.139582 0.334610
0.135221 0.341188
0.129555 0.347983
0.125501 0.348625
0.104805 0.342912
0.083496 0.334961
0.080682 0.330582
0.080509 0.329397
0.080135 0.327012
0.079571 0.324815
0.078642 0.323063
0.077167 0.322011
0.072888 0.319822
0.065609 0.316520
0.055485 0.326325
0.050548 0.331850
0.047404 0.335742
0.045632 0.337992
0.042194 0.342204
0.038886 0.346174
0.035691 0.350067
0.033865 0.352415
0.032217 0.354352
0.028461 0.357613
0.024199 0.360085
0.019561 0.361796
0.014675 0.362778
0.009670 0.363060
0.004675 0.362673
-0.000181 0.361647
-0.004770 0.360012
-0.015472 0.353720
-0.019351 0.349252
-0.025488 0.340081
-0.030961 0.330455
-0.034902 0.325487
-0.039782 0.322027
-0.044395 0.320013
-0.035805 0.340449
-0.022323 0.370522
-0.022072 0.371042
-0.020783 0.373854
-0.018528 0.379794
-0.016833 0.385909
-0.015857 0.391903
-0.015757 0.397479
-0.016689 0.402339
-0.018812 0.406188
-0.022283 0.408729
-0.029069 0.409710
-0.033327 0.409037
-0.037502 0.407531
-0.041573 0.405141
-0.051564 0.395338
-0.100255 0.333691
-0.148774 0.270659
-0.166997 0.243958
-0.184217 0.216507
-0.201659 0.188546
-0.211781 0.172690
-0.215754 0.168310
-0.217185 0.171157
-0.211577 0.228026
-0.210711 0.233498
-0.209493 0.239812
-0.209170 0.244724
-0.210948 0.247934
-0.219638 0.248127
-0.223654 0.247608
-0.228093 0.248366
-0.228139 0.251712
-0.226868 0.255741
-0.223763 0.256404
-0.221255 0.258115
-0.216864 0.261385
-0.213226 0.264571
-0.210242 0.267814
-0.207816 0.271255
-0.205850 0.275035
-0.204247 0.279295
-0.202911 0.284177
-0.201446 0.291687
-0.188065 0.354806
-0.158889 0.402963
-0.123819 0.458886
-0.122563 0.460875
-0.120027 0.464857
-0.117461 0.468845
-0.114867 0.472841
-0.112245 0.476842
-0.109595 0.480851
-0.106920 0.484866
-0.104219 0.488887
-0.101494 0.492915
-0.098745 0.496950
-0.095974 0.500991
-0.093181 0.505039
-0.090367 0.509094
-0.087532 0.513155
-0.084679 0.517224
-0.081807 0.521298
-0.078918 0.525380
-0.076012 0.529468
-0.073090 0.533563
-0.070154 0.537664
-0.067203 0.541773
-0.064239 0.545888
-0.061263 0.550010
-0.058276 0.554139
-0.055278 0.558274
-0.052271 0.562417
-0.049254 0.566566
-0.046230 0.570722
-0.043199 0.574885
-0.040161 0.579054
-0.037118 0.583231
-0.034071 0.587414
-0.031020 0.591604
-0.027966 0.595802
-0.024911 0.600006
-0.021854 0.604217
-0.018798 0.608435
-0.015742 0.612660
-0.012688 0.616892
-0.009636 0.621131
-0.006588 0.625377
-0.003544 0.629629
-0.000505 0.633889
0.002528 0.638156
0.005555 0.642430
0.008573 0.646711
0.011583 0.650999
0.014583 0.655294
0.017574 0.659596
0.020553 0.663906
0.023520 0.668222
0.026474 0.672545
0.029414 0.676876
0.032339 0.681214
0.035249 0.685559
0.038143 0.689911
0.041020 0.694270
0.043878 0.698636
0.046717 0.703010
0.049537 0.707390
0.052335 0.711778
0.055113 0.716174
0.057867 0.720576
0.060599 0.724986
0.063306 0.729403
0.065988 0.733827
0.068644 0.738259
0.071273 0.742697
0.073875 0.747143
0.076448 0.751597
0.078991 0.756058
0.081505 0.760526
0.083987 0.765001
0.085101 0.767039
0.086079 0.769173
0.087154 0.773727
0.087225 0.778601
0.086504 0.783719
0.085198 0.789009
0.083517 0.794397
0.081670 0.799809
0.079866 0.805172
0.078314 0.810410
0.077223 0.815452
0.076173 0.822968
0.071525 0.827123
0.066027 0.831353
0.050384 0.836879
0.047163 0.837837
0.046283 0.837965
0.044045 0.837555
0.041206 0.836454
0.037805 0.834902
0.030718 0.831683
0.020890 0.827266
0.015980 0.824846
0.007918 0.823103
0.002776 0.827500
0.000658 0.836759
0.002216 0.846861
0.002241 0.847086
0.002404 0.848556
0.002639 0.850672
0.002850 0.852573
0.002953 0.853500
0.003251 0.858126
0.002355 0.862852
-0.000487 0.866914
-0.002439 0.866855
-0.004666 0.866802
-0.005601 0.866784
-0.007584 0.867334
-0.011624 0.868326
-0.015121 0.869544
-0.017305 0.871428
-0.017407 0.874418
-0.013908 0.883220
-0.011150 0.887483
-0.006980 0.890426
-0.002922 0.892365
0.001315 0.893892
0.031047 0.889608
0.051757 0.883601
0.072012 0.876015
0.077086 0.875280
0.093121 0.874898
0.099140 0.875651
0.101409 0.875954
0.103990 0.876740
0.109174 0.878322
0.114299 0.879998
0.119259 0.881863
0.123946 0.884011
0.128253 0.886537
0.132075 0.889536
0.135304 0.893103
0.137834 0.897333
0.139661 0.902743
0.140746 0.907453
0.141773 0.912170
0.142740 0.916894
0.143647 0.921627
0.144491 0.926367
0.145274 0.931115
0.151192 0.973539
0.150856 0.977276
0.126860 0.988715
0.124680 0.990408
0.120236 0.992872
0.115736 0.994175
0.111242 0.994398
0.106817 0.993619
0.102524 0.991921
0.098427 0.989383
0.094588 0.986086
0.091070 0.982109
0.087936 0.977534
0.085250 0.972440
0.083074 0.966909
0.081471 0.961020
0.080504 0.954853
0.069689 0.944961
0.055132 0.944649
0.044761 0.954392
0.039679 0.968491
0.040997 0.982348
0.043996 0.987909
0.044921 0.990039
0.043740 0.993281
0.039871 0.995188
0.034939 0.995782
0.030566 0.995085
-0.004615 0.974043
-0.041950 0.949515
-0.044082 0.947986
-0.048365 0.945015
-0.052679 0.942152
-0.057022 0.939385
-0.061398 0.936706
-0.065806 0.934104
-0.070248 0.931570
-0.074724 0.929094
-0.079237 0.926666
-0.083786 0.924277
-0.088374 0.921915
-0.093000 0.919573
-0.097667 0.917239
-0.121389 0.905789
-0.132976 0.900360
-0.144581 0.894928
-0.150118 0.892330
-0.156554 0.887263
-0.163071 0.881820
-0.167459 0.877275
-0.172284 0.871579
-0.177038 0.865750
-0.182464 0.856732
-0.187786 0.847178
-0.198933 0.820392
-0.209695 0.792932
-0.212979 0.780281
-0.216184 0.767288
-0.216782 0.764862
-0.217963 0.759989
-0.219136 0.755098
-0.220320 0.750200
-0.221533 0.745304
-0.222795 0.740422
-0.224124 0.735564
-0.225538 0.730740
-0.227055 0.725962
-0.228695 0.721239
-0.230475 0.716583
-0.232414 0.712003
-0.234531 0.707512
-0.236844 0.703118
-0.239372 0.698833
-0.240764 0.696605
-0.243608 0.692221
-0.246529 0.687925
-0.249524 0.683713
-0.252589 0.679578
-0.255720 0.675514
-0.258914 0.671516
-0.262166 0.667579
-0.265474 0.663695
-0.268750 0.659953
-0.270481 0.658136
-0.274244 0.654938
-0.278366 0.652263
-0.282800 0.650042
-0.287497 0.648206
-0.292409 0.646687
-0.297487 0.645415
-0.302684 0.644322
-0.307950 0.643339
-0.313237 0.642396
-0.318497 0.641425
-0.323681 0.640357
-0.328742 0.639124
-0.333759 0.637617
-0.337560 0.635908
-0.341413 0.632711
-0.346224 0.629442
-0.346452 0.625229
-0.341834 0.624266
-0.336646 0.625953
-0.336474 0.625902
-0.335678 0.625664
-0.334532 0.625321
-0.333503 0.625013
-0.325512 0.616178
-0.319620 0.606569
-0.314462 0.596438
-0.315663 0.592725
-0.322071 0.591946
-0.327572 0.593225
-0.328909 0.592755
-0.331617 0.591822
-0.334228 0.590754
-0.336571 0.589375
-0.338479 0.587508
-0.341660 0.583128
-0.361224 0.545008
-0.379044 0.504707
-0.380882 0.499820
-0.382684 0.494913
-0.387167 0.475503
-0.387809 0.473115
-0.389140 0.468347
-0.390532 0.463590
-0.391983 0.458844
-0.393491 0.454109
-0.395054 0.449385
-0.396671 0.444671
-0.398340 0.439969
-0.400058 0.435276
-0.401825 0.430594
-0.403638 0.425922
-0.405495 0.421261
-0.407395 0.416610
-0.409336 0.411969
-0.411316 0.407337
-0.413333 0.402716
-0.415385 0.398105
-0.417470 0.393503
-0.419588 0.388911
-0.421735 0.384329
-0.423910 0.379756
-0.426112 0.375192
-0.428337 0.370638
-0.430586 0.366093
-0.432855 0.361557
-0.435143 0.357030
-0.437448 0.352513
-0.439769 0.348004
-0.442103 0.343504
-0.444449 0.339012
-0.446804 0.334530
-0.449168 0.330055
-0.451537 0.325590
-0.453911 0.321132
-0.456288 0.316683
-0.458665 0.312242
-0.461041 0.307810
-0.463415 0.303385
-0.465783 0.298968
-0.468145 0.294560
-0.470499 0.290158
-0.472842 0.285765
-0.475173 0.281379
-0.477491 0.277001
-0.480379 0.271513
-0.482735 0.267028
-0.485091 0.262543
-0.487447 0.258059
-0.489802 0.253575
-0.492157 0.249091
-0.494512 0.244609
-0.496866 0.240126
-0.499220 0.235644
-0.501574 0.231163
-0.503719 0.227076
-0.504750 0.224812
-0.506003 0.220151
-0.506303 0.215356
-0.505797 0.210479
-0.504637 0.205572
-0.502971 0.200688
-0.500950 0.195877
-0.498723 0.191192
-0.495439 0.184876
-0.493366 0.180865
-0.489575 0.173345
-0.484883 0.164748
-0.484317 0.155739
-0.487155 0.146179
-0.487884 0.142150
-0.485184 0.137057
-0.484007 0.130810
-0.482543 0.125509
-0.485630 0.125742
-0.488895 0.132678
-0.491903 0.141259
-0.490728 0.147114
-0.489921 0.152128
-0.490687 0.157419
-0.492932 0.163310
-0.497262 0.167274
-0.501961 0.170311
-0.504721 0.171683
-0.507927 0.173082
-0.508431 0.173283
-0.510993 0.173890
-0.516101 0.173931
-0.521113 0.172615
-0.525934 0.170193
-0.530470 0.166916
-0.534627 0.163036
-0.538312 0.158802
-0.541430 0.154466
-0.546098 0.146027
-0.548426 0.141545
-0.550753 0.137062
-0.553078 0.132578
-0.555401 0.128094
-0.557721 0.123610
-0.560040 0.119124
-0.562356 0.114639
-0.564670 0.110152
-0.566981 0.105665
-0.568929 0.101879
-0.570301 0.099127
-0.572687 0.093828
-0.574618 0.088768
-0.576118 0.083914
-0.577216 0.079227
-0.577935 0.074673
-0.578304 0.070216
-0.578348 0.065818
-0.578092 0.061444
-0.577647 0.057936
-0.576264 0.052465
-0.574163 0.048154
-0.571377 0.044826
-0.567938 0.042304
-0.563881 0.040409
-0.559240 0.038964
-0.554047 0.037790
-0.548336 0.036711
-0.542141 0.035549
-0.535495 0.034125
-0.529143 0.032608
-0.522746 0.032256
-0.516833 0.034416
-0.511835 0.038096
-0.507078 0.041424
-0.502230 0.044051
-0.502226 0.040154
-0.507426 0.032595
-0.513559 0.024490
-0.515942 0.021512
-0.521867 0.020052
-0.527435 0.019060
-0.532611 0.019527
-0.539515 0.020870
-0.542844 0.020878
-0.546195 0.019001
-0.546033 0.015546
-0.543435 0.011653
-0.539478 0.008462
-0.534091 0.006345
-0.527987 0.006214
-0.522476 0.009075
-0.513284 0.007532
-0.522347 -0.000969
-0.527567 -0.003772
-0.533142 -0.003319
-0.537569 0.000097
-0.542529 0.001469
-0.545745 0.003228
-0.550842 0.003910
-0.554304 0.001616
-0.556303 -0.002684
-0.557012 -0.008022
-0.556604 -0.013432
-0.555253 -0.017943
-0.551973 -0.023963
-0.545254 -0.033945
-0.538314 -0.043674
-0.536761 -0.049230
-0.534217 -0.053455
-0.528266 -0.054836
-0.513061 -0.056358
-0.497789 -0.056919
-0.494039 -0.058052
-0.490145 -0.061488
-0.491589 -0.065462
-0.496952 -0.064353
-0.502608 -0.065375
-0.507863 -0.067127
-0.513670 -0.066251
-0.525042 -0.063997
-0.536066 -0.060864
-0.540321 -0.057353
-0.546707 -0.050877
-0.552857 -0.044075
-0.555009 -0.038135
-0.556879 -0.031682
-0.559732 -0.026339
-0.561238 -0.024560
-0.565001 -0.021919
-0.569556 -0.020385
-0.574654 -0.019819
-0.580045 -0.020082
-0.585480 -0.021036
-0.590708 -0.022540
-0.595481 -0.024457
-0.601360 -0.025989
-0.607107 -0.028048
-0.612731 -0.027216
-0.614485 -0.022885
-0.613475 -0.020529
-0.611009 -0.014985
-0.608524 -0.008944
-0.606712 -0.003138
-0.606263 0.001700
-0.607869 0.004839
-0.614353 0.005281
-0.617516 0.003138
-0.620533 -0.000833
-0.623796 -0.006862
-0.626022 -0.011381
-0.628244 -0.015902
-0.630462 -0.020425
-0.632675 -0.024950
-0.634884 -0.029476
-0.637089 -0.034005
-0.639289 -0.038535
-0.641484 -0.043067
-0.643675 -0.047602
-0.645861 -0.052138
-0.648042 -0.056677
-0.650219 -0.061217
-0.652390 -0.065760
-0.654557 -0.070305
-0.656718 -0.074853
-0.658875 -0.079402
-0.661026 -0.083954
-0.663172 -0.088508
-0.665313 -0.093065
-0.667448 -0.097624
-0.669578 -0.102186
-0.671703 -0.106750
-0.673822 -0.111317
-0.675935 -0.115886
-0.678043 -0.120458
-0.680144 -0.125032
-0.682240 -0.129610
-0.684330 -0.134190
-0.686415 -0.138772
-0.688493 -0.143358
-0.690565 -0.147947
-0.692630 -0.152538
-0.694690 -0.157132
-0.696743 -0.161730
-0.698790 -0.166330
-0.700831 -0.170933
-0.701533 -0.172523
-0.701784 -0.173301
-0.703427 -0.178406
-0.705792 -0.185753
-0.707916 -0.192352
-0.708327 -0.195495
-0.709240 -0.199421
-0.710768 -0.206175
-0.711782 -0.211644
-0.712139 -0.216043
-0.711698 -0.219586
-0.711410 -0.220190
-0.711234 -0.221247
-0.712221 -0.222710
-0.714455 -0.223490
-0.717283 -0.223807
-0.720057 -0.223881
-0.732653 -0.223059
-0.744389 -0.220465
-0.755753 -0.216316
-0.767237 -0.210830
-0.772295 -0.208202
-0.774129 -0.207048
-0.776510 -0.204438
-0.777506 -0.201348
-0.777514 -0.197689
-0.773535 -0.187999
-0.769009 -0.182502
-0.764459 -0.177189
-0.760091 -0.172349
-0.755704 -0.168029
-0.751234 -0.163971
-0.746782 -0.159639
-0.742700 -0.155611
-0.738726 -0.152000
-0.734092 -0.148000
-0.729345 -0.144030
-0.725174 -0.139465
-0.725376 -0.138246
-0.729746 -0.141802
-0.734157 -0.145361
-0.738284 -0.149268
-0.742552 -0.153527
-0.747068 -0.157739
-0.751916 -0.161995
-0.756112 -0.165664
-0.760920 -0.168280
-0.766016 -0.170498
-0.770855 -0.174658
-0.775632 -0.178975
-0.780713 -0.182947
-0.785405 -0.186013
-0.787682 -0.187308
-0.792225 -0.190021
-0.796819 -0.192657
-0.801544 -0.194931
-0.806478 -0.196553
-0.812212 -0.198628
-0.818346 -0.203643
-0.824646 -0.209161
-0.828430 -0.213033
-0.837320 -0.222214
-0.845985 -0.231534
-0.848919 -0.236574
-0.853118 -0.246474
-0.857242 -0.256638
-0.859016 -0.261778
-0.854220 -0.262361
-0.841069 -0.260198
-0.827477 -0.257729
-0.813531 -0.255000
-0.799322 -0.252055
-0.784939 -0.248937
-0.770470 -0.245692
-0.756006 -0.242363
-0.741635 -0.238995
-0.727447 -0.235632
-0.722170 -0.233631
-0.717890 -0.230581
-0.715435 -0.229099
-0.710311 -0.227747
-0.704961 -0.228068
-0.699458 -0.229490
-0.691883 -0.232186
-0.652162 -0.239834
-0.611182 -0.239467
-0.604368 -0.239234
-0.600320 -0.241544
-0.600922 -0.245398
-0.626262 -0.261744
-0.657746 -0.277074
-0.671901 -0.282699
-0.685922 -0.288188
-0.688141 -0.289427
-0.692499 -0.292005
-0.696752 -0.294711
-0.700905 -0.297539
-0.704960 -0.300484
-0.708920 -0.303541
-0.712791 -0.306704
-0.716574 -0.309968
-0.720273 -0.313326
-0.723892 -0.316775
-0.727434 -0.320307
-0.730903 -0.323918
-0.734302 -0.327602
-0.737634 -0.331353
-0.740903 -0.335167
-0.744112 -0.339037
-0.747265 -0.342958
-0.750366 -0.346925
-0.753417 -0.350932
-0.756421 -0.354974
-0.759390 -0.359052
-0.762108 -0.362860
-0.764844 -0.366771
-0.766543 -0.369256
-0.767983 -0.371309
-0.771005 -0.375271
-0.774203 -0.379051
-0.777566 -0.382663
-0.781081 -0.386118
-0.784735 -0.389431
-0.788516 -0.392615
-0.792412 -0.395682
-0.796410 -0.398646
-0.800498 -0.401521
-0.804663 -0.404318
-0.808893 -0.407051
-0.813175 -0.409734
-0.817498 -0.412379
-0.821848 -0.415000
-0.826212 -0.417610
-0.830580 -0.420221
-0.834938 -0.422848
-0.839273 -0.425503
-0.843574 -0.428198
-0.847828 -0.430949
-0.852022 -0.433767
-0.856144 -0.436665
-0.877429 -0.454356
-0.902778 -0.479283
-0.906629 -0.483604
-0.907935 -0.489827
-0.899241 -0.542928
-0.885607 -0.597737
-0.876151 -0.606002
-0.864781 -0.614496
-0.857585 -0.616970
-0.849245 -0.619284
-0.845738 -0.619809
-0.831305 -0.619587
-0.816515 -0.619007
-0.811756 -0.618306
-0.800680 -0.615348
-0.787029 -0.610227
-0.784208 -0.609335
-0.779494 -0.608010
-0.775979 -0.607255
-0.773621 -0.607021
-0.770323 -0.608577
-0.766161 -0.611047
-0.761934 -0.613295
-0.757643 -0.615327
-0.753291 -0.617149
-0.748879 -0.618767
-0.744410 -0.620189
-0.739885 -0.621421
-0.735307 -0.622468
-0.730677 -0.623339
-0.725998 -0.624039
-0.721272 -0.624574
-0.716501 -0.624952
-0.711686 -0.625179
-0.706831 -0.625262
-0.701936 -0.625206
-0.697004 -0.625018
-0.692036 -0.624706
-0.687036 -0.624275
-0.682005 -0.623732
-0.676945 -0.623084
-0.671858 -0.622337
-0.666746 -0.621497
-0.661611 -0.620571
-0.656455 -0.619567
-0.651281 -0.618489
-0.646090 -0.617345
-0.641275 -0.616231
-0.640557 -0.615536
-0.639982 -0.611680
-0.640276 -0.605566
-0.641108 -0.598428
-0.642146 -0.591501
-0.643058 -0.586019
-0.643570 -0.581388
-0.643326 -0.579461
-0.638082 -0.568771
-0.631921 -0.557914
-0.628364 -0.555053
-0.623804 -0.549248
-0.618222 -0.545827
-0.608617 -0.543315
-0.605397 -0.543169
-0.609436 -0.546031
-0.614009 -0.550420
-0.618190 -0.555390
-0.620670 -0.561208
-0.624921 -0.571441
-0.629163 -0.581695
-0.629569 -0.582813
-0.629453 -0.583494
-0.628663 -0.588156
-0.627425 -0.595456
-0.626097 -0.603284
-0.625038 -0.609529
-0.619953 -0.610857
-0.614704 -0.609452
-0.609452 -0.608026
-0.604200 -0.606586
-0.598950 -0.605139
-0.593703 -0.603690
-0.588461 -0.602247
-0.583228 -0.600815
-0.578004 -0.599403
-0.572791 -0.598015
-0.567593 -0.596658
-0.562410 -0.595340
-0.557245 -0.594066
-0.552100 -0.592843
-0.546977 -0.591678
-0.541878 -0.590577
-0.536804 -0.589547
-0.531759 -0.588594
-0.526744 -0.587724
-0.521761 -0.586945
-0.516812 -0.586262
-0.511899 -0.585683
-0.501553 -0.584662
-0.438619 -0.590001
-0.374043 -0.597238
-0.353072 -0.602250
-0.328248 -0.609559
-0.325872 -0.610326
-0.321113 -0.611840
-0.316342 -0.613331
-0.311558 -0.614798
-0.306763 -0.616241
-0.301957 -0.617661
-0.297139 -0.619057
-0.292311 -0.620430
-0.287472 -0.621780
-0.282622 -0.623107
-0.277763 -0.624411
-0.272894 -0.625692
-0.268015 -0.626951
-0.263127 -0.628187
-0.258230 -0.629401
-0.253325 -0.630592
-0.248411 -0.631762
-0.243489 -0.632909
-0.238560 -0.634035
-0.233623 -0.635139
-0.230867 -0.635717
-0.226229 -0.636514
-0.221527 -0.637105
-0.216765 -0.637498
-0.211948 -0.637700
-0.207082 -0.637717
-0.202171 -0.637558
-0.197220 -0.637229
-0.192235 -0.636738
-0.187221 -0.636090
-0.182181 -0.635294
-0.177122 -0.634357
-0.172049 -0.633285
-0.166966 -0.632086
-0.161878 -0.630767
-0.156791 -0.629334
-0.151709 -0.627796
-0.146638 -0.626159
-0.141581 -0.624430
-0.136546 -0.622617
-0.131535 -0.620725
-0.126556 -0.618764
-0.121611 -0.616738
-0.116707 -0.614657
-0.111848 -0.612526
-0.107040 -0.610354
-0.102287 -0.608146
-0.097594 -0.605910
-0.092967 -0.603654
-0.088411 -0.601383
-0.083929 -0.599106
-0.079528 -0.596830
-0.075213 -0.594561
-0.070988 -0.592307
-0.061790 -0.587244
-0.036459 -0.573947
-0.026015 -0.570103
-0.022923 -0.569438
-0.018145 -0.568167
-0.014623 -0.566441
-0.011612 -0.563621
-0.008365 -0.559067
-0.003895 -0.555111
0.008559 -0.547619
0.022362 -0.542288
0.027504 -0.540163
0.032261 -0.537827
0.037344 -0.535223
0.042088 -0.532280
0.042023 -0.528251
0.042379 -0.519475
0.044064 -0.508087
0.045967 -0.496545
0.047445 -0.490587
0.051212 -0.487243
0.056247 -0.477585
0.060055 -0.467336
0.061411 -0.468179
0.064570 -0.472952
0.067926 -0.477857
0.067291 -0.482937
0.062214 -0.486265
0.056936 -0.489569
0.053851 -0.494357
0.053505 -0.502272
0.050605 -0.517483
0.047403 -0.533011
0.044405 -0.545770
0.037011 -0.556486
0.028078 -0.567286
0.024799 -0.571614
0.021358 -0.576109
0.021337 -0.576278
0.021199 -0.577386
0.021001 -0.578982
0.020822 -0.580415
0.020840 -0.581924
0.021653 -0.585787
0.023554 -0.590846
0.028897 -0.595066
0.035013 -0.599270
0.039703 -0.600744
0.045394 -0.599153
0.050982 -0.596914
0.056261 -0.594798
0.064416 -0.588644
0.073413 -0.583533
0.079856 -0.581548
0.086239 -0.578734
0.092871 -0.576803
0.097760 -0.576385
0.093816 -0.579066
0.089134 -0.581810
0.077188 -0.588158
0.065134 -0.594500
0.059941 -0.597204
0.054673 -0.599638
0.035823 -0.608988
0.017444 -0.618534
-0.001217 -0.627324
-0.008727 -0.629732
-0.017369 -0.632053
-0.022302 -0.633219
-0.024915 -0.633652
-0.030034 -0.634694
-0.034732 -0.636317
-0.038675 -0.638937
-0.041710 -0.643288
-0.042919 -0.646907
-0.043117 -0.650139
-0.042376 -0.653004
-0.040765 -0.655525
-0.038355 -0.657723
-0.035215 -0.659620
-0.032967 -0.660577
-0.030627 -0.661439
-0.025917 -0.662383
-0.021172 -0.662395
-0.016401 -0.661602
-0.011611 -0.660131
-0.006810 -0.658111
-0.002006 -0.655670
0.002793 -0.652933
0.007580 -0.650030
0.012348 -0.647087
0.017087 -0.644232
0.021791 -0.641594
0.027846 -0.638731
0.035525 -0.642915
0.039992 -0.655276
0.041499 -0.658333
0.044395 -0.662381
0.047679 -0.664959
0.051542 -0.666367
0.056177 -0.666907
0.064244 -0.666740
0.068759 -0.665343
0.072558 -0.662731
0.075851 -0.659209
0.078848 -0.655083
0.081758 -0.650656
0.084793 -0.646235
0.092216 -0.635525
0.098733 -0.631521
0.104931 -0.634641
0.105917 -0.636378
0.108352 -0.640480
0.109266 -0.643284
0.111104 -0.649066
0.113064 -0.654706
0.115278 -0.659756
0.117873 -0.663770
0.120980 -0.666300
0.130791 -0.665998
0.135605 -0.664973
0.140028 -0.664179
0.145536 -0.662637
0.150966 -0.660787
0.153808 -0.659597
0.157870 -0.656789
0.160155 -0.653354
0.161126 -0.649227
0.161244 -0.644340
0.160974 -0.638627
0.160777 -0.632020
0.162288 -0.617240
0.163497 -0.612977
0.168186 -0.599125
0.175538 -0.586633
0.178535 -0.582832
0.182346 -0.582554
0.191108 -0.589183
0.204751 -0.598699
0.218290 -0.608111
0.221336 -0.609829
0.227058 -0.612567
0.232288 -0.614376
0.237025 -0.615256
0.241270 -0.615206
0.252268 -0.612803
0.266730 -0.608985
0.280435 -0.604163
0.293695 -0.598481
0.306822 -0.592088
0.320129 -0.585127
0.326463 -0.581752
0.337430 -0.578643
0.343436 -0.577767
0.345402 -0.580170
0.340995 -0.580429
0.334039 -0.585387
0.326672 -0.591197
0.294064 -0.620441
0.261426 -0.650275
0.259107 -0.652583
0.254557 -0.657041
0.250138 -0.661299
0.245865 -0.665369
0.241753 -0.669263
0.237817 -0.672993
0.234072 -0.676571
0.230534 -0.680008
0.227218 -0.683316
0.224138 -0.686508
0.221309 -0.689594
0.218748 -0.692587
0.216469 -0.695498
0.214486 -0.698341
0.200084 -0.716111
0.177877 -0.741312
0.137230 -0.780828
0.087830 -0.807044
0.085903 -0.807673
0.085799 -0.807707
0.085116 -0.807930
0.084134 -0.808251
0.083252 -0.808539
0.082869 -0.808664
0.066620 -0.811449
0.049939 -0.814036
0.045267 -0.814590
0.040072 -0.815760
0.035165 -0.818269
0.021181 -0.831909
0.007551 -0.847013
0.004434 -0.857508
0.003292 -0.863168
0.004552 -0.870635
0.007135 -0.878252
0.009508 -0.882661
0.013775 -0.885289
0.017456 -0.888313
0.026776 -0.891858
0.032598 -0.893201
0.053767 -0.896852
0.075216 -0.897639
0.137078 -0.889614
0.187441 -0.862371
0.226787 -0.818622
0.255597 -0.761076
0.256376 -0.759022
0.258015 -0.754907
0.259758 -0.750784
0.261604 -0.746652
0.263550 -0.742514
0.265593 -0.738371
0.267732 -0.734222
0.269964 -0.730069
0.272287 -0.725914
0.274698 -0.721757
0.277195 -0.717599
0.279193 -0.714378
0.280543 -0.712289
0.283400 -0.708255
0.286456 -0.704404
0.289701 -0.700726
0.291039 -0.699350
0.292775 -0.697904
0.296978 -0.696181
0.301931 -0.695719
0.307369 -0.696162
0.313026 -0.697153
0.318635 -0.698338
0.323931 -0.699358
0.334588 -0.701102
0.341109 -0.702469
0.346825 -0.703670
0.359014 -0.695784
0.361422 -0.694406
0.366024 -0.691518
0.370360 -0.688462
0.374449 -0.685250
0.378312 -0.681895
0.381969 -0.678407
0.385440 -0.674799
0.388745 -0.671082
0.391904 -0.667269
0.394938 -0.663370
0.397865 -0.659399
0.400707 -0.655365
0.403483 -0.651283
0.406214 -0.647162
0.408919 -0.643015
0.411619 -0.638854
0.414334 -0.634691
0.417084 -0.630536
0.419889 -0.626403
0.422768 -0.622303
0.425743 -0.618247
0.428833 -0.614248
0.432059 -0.610317
0.435439 -0.606466
0.438996 -0.602706
0.442747 -0.599051
0.450189 -0.592529
0.457934 -0.579076
0.465022 -0.563299
0.468795 -0.552192
0.472740 -0.539333
0.474087 -0.534668
0.474359 -0.534098
0.476220 -0.530203
0.479134 -0.524104
0.482258 -0.517563
0.484751 -0.512346
0.489404 -0.507498
0.502356 -0.499941
0.515069 -0.498512
0.525998 -0.506809
0.534406 -0.519723
0.540183 -0.532671
0.543163 -0.541808
0.544336 -0.545646
0.544836 -0.548057
0.546210 -0.553441
0.548047 -0.559187
0.549436 -0.562667
0.549455 -0.562951
0.549592 -0.565085
0.549842 -0.568993
0.550183 -0.574303
0.550590 -0.580641
0.551038 -0.587633
0.551505 -0.594905
0.551966 -0.602083
0.552396 -0.608795
0.552773 -0.614665
0.553072 -0.619321
0.553268 -0.622389
0.553339 -0.623495
0.548702 -0.680418
0.539100 -0.739007
0.536772 -0.752404
0.535832 -0.757112
0.519958 -0.798385
0.503172 -0.840663
0.497594 -0.855189
0.492367 -0.869742
0.490950 -0.884238
0.490535 -0.899770
0.490673 -0.906664
0.490998 -0.913537
0.492416 -0.917712
0.496897 -0.919391
0.504822 -0.921177
0.512877 -0.923127
0.515838 -0.923802
0.521343 -0.924486
0.526358 -0.924342
0.530958 -0.923440
0.535219 -0.921853
0.539219 -0.919651
0.543033 -0.916907
0.546738 -0.913692
0.550410 -0.910077
0.554125 -0.906135
0.557960 -0.901936
0.568333 -0.890399
0.572154 -0.885771
0.584934 -0.864271
0.593635 -0.847544
0.602438 -0.831159
0.614716 -0.822663
0.617038 -0.821234
0.619107 -0.819798
0.622518 -0.816610
0.625045 -0.812942
0.626791 -0.808722
0.628130 -0.802223
0.628848 -0.798804
0.630868 -0.792285
0.633187 -0.785927
0.636019 -0.781497
0.638293 -0.777760
0.636482 -0.784500
0.634163 -0.794806
0.633279 -0.800825
0.633720 -0.803082
0.635208 -0.805297
0.637336 -0.805100
0.639910 -0.803277
0.643706 -0.797555
0.644650 -0.794490
0.645571 -0.788047
0.646918 -0.781702
0.649334 -0.776067
0.653843 -0.768971
0.659058 -0.762403
0.659997 -0.765183
0.659266 -0.771515
0.659098 -0.777176
0.658167 -0.782774
0.656243 -0.797265
0.655960 -0.799143
0.655641 -0.803228
0.655607 -0.807676
0.655806 -0.812390
0.656188 -0.817277
0.655917 -0.821666
0.651195 -0.855950
0.645586 -0.889790
0.641422 -0.923786
0.641355 -0.926819
0.641045 -0.932861
0.640561 -0.938844
0.639973 -0.944736
0.639351 -0.950504
0.638766 -0.956115
0.638288 -0.961536
0.637987 -0.966735
0.637933 -0.971678
0.638198 -0.976335
0.638852 -0.980670
0.639964 -0.984653
0.641606 -0.988250
0.643847 -0.991429
0.646758 -0.994156
0.650409 -0.996400
0.654872 -0.998127
0.665578 -1.000000
0.667836 -1.000184
0.672185 -0.999526
0.676312 -0.997682
0.680219 -0.994872
0.683905 -0.991314
0.687374 -0.987227
0.690625 -0.982831
0.693659 -0.978343
0.696479 -0.973982
0.699084 -0.969969
0.701477 -0.966520
0.714295 -0.947613
0.716894 -0.944353
0.719248 -0.942732
0.728155 -0.946300
0.738432 -0.951131
0.741820 -0.952870
0.744158 -0.958137
0.749708 -0.971720
0.750885 -0.974191
0.753279 -0.979190
0.755861 -0.983990
0.758794 -0.988258
0.762241 -0.991662
0.766365 -0.993872
0.771330 -0.994556
0.777298 -0.993381
0.786588 -0.990016
0.791095 -0.988031
0.794977 -0.985285
0.797432 -0.980614
0.811162 -0.953215
0.824548 -0.925626
0.837012 -0.889133
0.848256 -0.851166
0.853838 -0.829600
0.854222 -0.826799
0.854866 -0.821247
0.855367 -0.815760
0.855746 -0.810336
0.856026 -0.804975
0.856230 -0.799673
0.856381 -0.794429
0.856500 -0.789241
0.856612 -0.784107
0.856738 -0.779026
0.856901 -0.773996
0.857124 -0.769014
0.857430 -0.764080
0.857840 -0.759190
0.858379 -0.754344
0.859069 -0.749539
0.859931 -0.744773
0.860990 -0.740045
0.862267 -0.735354
0.863786 -0.730696
0.865569 -0.726070
0.867638 -0.721475
0.870017 -0.716909
0.872727 -0.712369
0.875793 -0.707853
0.879236 -0.703361
0.888557 -0.679860
0.894396 -0.641628
0.898621 -0.601941
0.897244 -0.594774
0.895386 -0.587226
0.888347 -0.573260
0.876754 -0.549057
0.861559 -0.527463
0.858598 -0.524513
0.855242 -0.526046
0.853133 -0.527295
0.849827 -0.530587
0.847572 -0.534780
0.846175 -0.539690
0.845439 -0.545129
0.845169 -0.550910
0.845171 -0.556847
0.845249 -0.562753
0.845207 -0.568442
0.844706 -0.579327
0.844129 -0.585888
0.843519 -0.592438
0.841590 -0.597669
0.839055 -0.602632
0.836854 -0.607606
0.824191 -0.628119
0.806150 -0.644211
0.803887 -0.645779
0.799498 -0.648771
0.795335 -0.651683
0.791449 -0.654644
0.787892 -0.657783
0.784717 -0.661228
0.781976 -0.665110
0.779721 -0.669557
0.776371 -0.681325
0.775971 -0.682990
0.774971 -0.684831
0.773733 -0.684844
0.772294 -0.683214
0.770691 -0.680130
0.768961 -0.675777
0.767141 -0.670342
0.765267 -0.664012
0.763378 -0.656975
0.761510 -0.649416
0.759700 -0.641522
0.757984 -0.633481
0.756400 -0.625480
0.754985 -0.617704
0.753776 -0.610341
0.752810 -0.603578
0.752123 -0.597602
0.751753 -0.592598
0.751737 -0.588755
0.756869 -0.574251
0.766001 -0.552765
0.775927 -0.531871
0.786396 -0.511395
0.797159 -0.491167
0.807965 -0.471015
0.818566 -0.450766
0.828712 -0.430248
0.838153 -0.409290
0.838667 -0.404780
0.833349 -0.396317
0.826846 -0.387218
0.823440 -0.383714
0.819962 -0.380299
0.812165 -0.380926
0.810055 -0.381515
0.806705 -0.383938
0.804260 -0.387654
0.802418 -0.392222
0.800875 -0.397202
0.799329 -0.402152
0.786225 -0.423027
0.782645 -0.426881
0.777857 -0.428457
0.773430 -0.430384
0.769845 -0.432369
0.755580 -0.433061
0.753181 -0.433363
0.748257 -0.433864
0.743277 -0.434386
0.738372 -0.435115
0.733671 -0.436239
0.729307 -0.437944
0.725411 -0.440417
0.722114 -0.443845
0.719037 -0.448164
0.715793 -0.453027
0.713230 -0.458296
0.707114 -0.471038
0.700977 -0.483781
0.692586 -0.501089
0.680509 -0.529964
0.679511 -0.532957
0.677542 -0.538847
0.675597 -0.544593
0.673661 -0.550176
0.671720 -0.555574
0.669759 -0.560767
0.667762 -0.565735
0.667432 -0.566496
0.667336 -0.566898
0.666636 -0.569813
0.665418 -0.574889
0.663869 -0.581342
0.662179 -0.588383
0.660536 -0.595229
0.659129 -0.601092
0.658146 -0.605186
0.657691 -0.609840
0.658820 -0.630656
0.657693 -0.636488
0.654118 -0.635796
0.649450 -0.632933
0.644640 -0.629693
0.641485 -0.626762
0.638841 -0.624247
0.635745 -0.621271
0.635392 -0.620734
0.632976 -0.617059
0.629192 -0.611306
0.625135 -0.605136
0.621899 -0.600214
0.619022 -0.597711
0.614173 -0.595691
0.609023 -0.593075
0.603558 -0.589842
0.597763 -0.585972
0.591623 -0.581444
0.584754 -0.575929
0.582326 -0.573912
0.578832 -0.571009
0.575694 -0.568401
0.577318 -0.564746
0.575709 -0.561359
0.574858 -0.559484
0.573356 -0.555655
0.572114 -0.551724
0.571123 -0.547694
0.570375 -0.543570
0.569861 -0.539355
0.569571 -0.535054
0.569498 -0.530671
0.569632 -0.526209
0.569965 -0.521674
0.570488 -0.517068
0.571193 -0.512396
0.572070 -0.507662
0.573110 -0.502870
0.574306 -0.498023
0.575649 -0.493127
0.577129 -0.488186
0.578738 -0.483202
0.580467 -0.478181
0.582307 -0.473125
0.584250 -0.468040
0.586287 -0.462930
0.588410 -0.457798
0.590609 -0.452648
0.591517 -0.450029
0.590851 -0.447527
0.587846 -0.446961
0.583246 -0.447233
0.571006 -0.446055
0.558913 -0.443682
0.553184 -0.442515
0.548748 -0.439610
0.550397 -0.436931
0.555283 -0.437106
0.561318 -0.438442
0.568055 -0.439610
0.574892 -0.440778
0.581947 -0.441595
0.587097 -0.440136
0.590283 -0.438906
0.591426 -0.438536
0.593807 -0.437672
0.596072 -0.436577
0.597931 -0.435166
0.599351 -0.432718
0.600495 -0.427733
0.600419 -0.423379
0.599438 -0.419394
0.598174 -0.416274
0.597689 -0.416333
0.594504 -0.416717
0.589920 -0.417271
0.585803 -0.417768
0.573818 -0.419232
0.560270 -0.412746
0.551495 -0.395993
0.548732 -0.391050
0.545056 -0.387072
0.544083 -0.381671
0.542542 -0.376532
0.542969 -0.368573
0.543944 -0.360255
0.545893 -0.356810
0.550412 -0.357161
0.572585 -0.363771
0.595294 -0.371268
0.598321 -0.372953
0.601638 -0.375148
0.604228 -0.377023
0.604382 -0.377283
0.605391 -0.378988
0.606844 -0.381442
0.608149 -0.383647
0.613143 -0.382876
0.618289 -0.380565
0.623409 -0.377967
0.628323 -0.375157
0.632854 -0.372209
0.636823 -0.369199
0.640542 -0.365671
0.643490 -0.362658
0.646568 -0.359667
0.649789 -0.356687
0.653165 -0.353703
0.656706 -0.350701
0.660426 -0.347667
0.664335 -0.344589
0.668446 -0.341451
0.672770 -0.338241
0.677320 -0.334944
0.682106 -0.331546
0.687142 -0.328035
0.692437 -0.324396
0.710081 -0.313822
0.758629 -0.291674
0.763270 -0.288885
0.767176 -0.285338
0.770674 -0.280638
0.774142 -0.275324
0.776660 -0.270492
0.779189 -0.266230
0.786332 -0.241320
0.792818 -0.215151
0.793246 -0.209603
0.791449 -0.204465
0.787546 -0.196300
0.783287 -0.188202
0.780055 -0.185108
0.777625 -0.182028
0.772010 -0.180678
0.765678 -0.179758
0.761711 -0.181371
0.752795 -0.196656
0.743287 -0.212655
0.735379 -0.224681
0.727085 -0.236450
0.723644 -0.239018
0.721586 -0.239995
0.716939 -0.240123
0.712297 -0.238217
0.708514 -0.234761
0.706443 -0.230240
0.708467 -0.220640
0.708049 -0.216404
0.705433 -0.211558
0.701791 -0.207463
0.697722 -0.203647
0.689034 -0.202359
0.679415 -0.201760
0.673177 -0.201648
0.671030 -0.206380
0.667596 -0.219992
0.667128 -0.223019
0.666026 -0.228721
0.664689 -0.233977
0.663102 -0.238813
0.661247 -0.243256
0.659109 -0.247332
0.656672 -0.251068
0.653919 -0.254492
0.650834 -0.257629
0.647401 -0.260507
0.643604 -0.263152
0.639427 -0.265590
0.634853 -0.267850
0.629867 -0.269957
0.624976 -0.271745
0.622260 -0.272406
0.616610 -0.272189
0.610809 -0.270478
0.605022 -0.267937
0.599412 -0.265234
0.594146 -0.263033
0.589388 -0.262002
0.585303 -0.262806
0.581189 -0.268125
0.579619 -0.272025
0.578301 -0.276988
0.575596 -0.282302
0.573293 -0.286623
0.569197 -0.288841
0.565827 -0.292403
0.567236 -0.296374
0.570997 -0.298009
0.568967 -0.300375
0.561805 -0.302473
0.557518 -0.297308
0.557725 -0.292651
0.560776 -0.288053
0.566791 -0.279876
0.572338 -0.271374
0.574960 -0.266486
0.575319 -0.264628
0.573498 -0.263304
0.569344 -0.264016
0.564118 -0.265381
0.554439 -0.269734
0.542975 -0.278411
0.531429 -0.287076
0.527142 -0.290171
0.521956 -0.289717
0.516448 -0.289542
0.510487 -0.288024
0.504706 -0.289834
0.499713 -0.294331
0.496318 -0.299235
0.494109 -0.305367
0.492476 -0.311322
0.489787 -0.309717
0.488445 -0.304403
0.488609 -0.294340
0.493927 -0.285532
0.498175 -0.280743
0.502657 -0.280257
0.508249 -0.282768
0.513943 -0.283528
0.519316 -0.282886
0.524474 -0.282068
0.528883 -0.279791
0.536428 -0.273546
0.543987 -0.266827
0.547300 -0.262507
0.551514 -0.258711
0.555991 -0.256375
0.557991 -0.255654
0.558882 -0.253828
0.562023 -0.249806
0.566477 -0.245440
0.571646 -0.240911
0.576930 -0.236402
0.581730 -0.232095
0.585445 -0.228172
0.587477 -0.224814
0.587227 -0.222204
0.579047 -0.219648
0.563787 -0.219380
0.548840 -0.221934
0.545287 -0.225555
0.542371 -0.229749
0.539267 -0.229690
0.540576 -0.224055
0.543933 -0.218961
0.559679 -0.208842
0.578124 -0.200989
0.592282 -0.197684
0.606843 -0.193926
0.611951 -0.192232
0.617246 -0.190183
0.619060 -0.189547
0.621640 -0.188416
0.623227 -0.187003
0.624305 -0.184745
0.625373 -0.181022
0.627091 -0.174217
0.623076 -0.172145
0.619594 -0.170540
0.606491 -0.166325
0.605433 -0.166018
0.602957 -0.165313
0.597839 -0.164105
0.592633 -0.163016
0.587499 -0.161865
0.582598 -0.160468
0.578092 -0.158645
0.574141 -0.156212
0.570905 -0.152987
0.569046 -0.149390
0.567698 -0.147190
0.566621 -0.142387
0.567364 -0.137239
0.569521 -0.131976
0.572706 -0.126780
0.574180 -0.122250
0.570213 -0.119008
0.567369 -0.115125
0.559066 -0.113505
0.549574 -0.112351
0.544909 -0.112980
0.543607 -0.113744
0.543444 -0.113851
0.542376 -0.114549
0.540839 -0.115553
0.539458 -0.116456
0.536041 -0.119241
0.534338 -0.118570
26
0.438010 0.216627
0.438199 0.203688
0.439075 0.190500
0.444024 0.180892
0.455598 0.181274
0.463946 0.184387
0.472428 0.188222
0.475828 0.192484
0.484359 0.196352
0.493779 0.199973
0.499492 0.200610
0.504579 0.201650
0.505250 0.205851
0.506719 0.214258
0.507347 0.222716
0.507203 0.226862
0.506727 0.231607
0.499924 0.238925
0.491750 0.246380
0.486547 0.248074
0.480830 0.248717
0.469222 0.245961
0.456888 0.242506
0.444744 0.238498
0.441926 0.236103
0.439752 0.226933
49
0.328992 0.153713
0.329316 0.157006
0.330115 0.158920
0.332003 0.160141
0.335597 0.161357
0.343477 0.163317
0.348145 0.164150
0.354335 0.165421
0.359567 0.166048
0.363980 0.168953
0.368359 0.172208
0.371843 0.176383
0.376518 0.179988
0.378160 0.183711
0.378847 0.193382
0.379938 0.204259
0.380010 0.214790
0.376144 0.212879
0.372411 0.209404
0.368748 0.205681
0.365212 0.201462
0.362924 0.201136
0.360118 0.202135
0.356312 0.202441
0.352620 0.202060
0.348808 0.198382
0.345454 0.194353
0.343394 0.189565
0.341143 0.183093
0.338237 0.176952
0.335272 0.172619
0.334324 0.172136
0.332933 0.170953
0.329936 0.168680
0.326967 0.167125
0.324408 0.166995
0.321016 0.173665
0.315112 0.187256
0.311649 0.188010
0.300595 0.187561
0.289271 0.186295
0.286341 0.183901
0.285848 0.181872
0.286707 0.176996
0.299459 0.157795
0.321232 0.144662
0.325462 0.142005
0.327239 0.146633
0.328816 0.151334
0
0
13
0.026121 -0.594160
0.002874 -0.579886
-0.021816 -0.581534
-0.027173 -0.584364
-0.028563 -0.589380
-0.026769 -0.593546
-0.006708 -0.600067
0.016858 -0.606438
0.022049 -0.607956
0.026621 -0.606613
0.030410 -0.604160
0.032507 -0.601474
0.030202 -0.597372
0
32
0.571911 -0.377896
0.558013 -0.366866
0.552585 -0.363993
0.548260 -0.365713
0.547403 -0.370728
0.547439 -0.375781
0.548046 -0.378472
0.555316 -0.391713
0.563545 -0.405130
0.567664 -0.408911
0.572446 -0.411786
0.577950 -0.411932
0.586855 -0.411656
0.595813 -0.411215
0.612868 -0.410721
0.628174 -0.409754
0.641285 -0.405730
0.649429 -0.399477
0.657358 -0.392235
0.657967 -0.388473
0.658546 -0.380870
0.658836 -0.373203
0.657565 -0.369233
0.653564 -0.368211
0.649715 -0.369715
0.642063 -0.375145
0.637031 -0.377773
0.632394 -0.380752
0.627391 -0.383087
0.621998 -0.385365
0.606335 -0.383879
0.589056 -0.381298
17
0.127299 0.666455
0.114064 0.658326
0.100490 0.648646
0.092883 0.636908
0.092493 0.634192
0.096205 0.631784
0.101541 0.629959
0.113477 0.626701
0.123865 0.630192
0.127226 0.633522
0.132521 0.640140
0.137653 0.647027
0.139786 0.652526
0.141806 0.658703
0.142604 0.663038
0.140069 0.666185
0.135780 0.667181
0
0
18
0.351765 0.137946
0.346755 0.144195
0.343197 0.146705
0.340122 0.142968
0.338547 0.138837
0.330861 0.132604
0.322799 0.125545
0.319836 0.122218
0.321923 0.118137
0.325679 0.113284
0.330803 0.109729
0.335595 0.106954
0.339498 0.107115
0.340312 0.112166
0.341357 0.116838
0.342707 0.121422
0.347153 0.128394
0.352373 0.134852
0
0
0
0
0
0
0
0
0
0
19
0.111143 0.737956
0.102549 0.733780
0.099157 0.732130
0.098336 0.727076
0.098781 0.722009
0.099908 0.711562
0.102656 0.706701
0.106347 0.704176
0.109184 0.699855
0.113281 0.700891
0.113793 0.706380
0.111197 0.711356
0.111252 0.716062
0.114430 0.720305
0.118129 0.724190
0.121859 0.728290
0.122249 0.734225
0.119801 0.738495
0.115380 0.739110
0
0
0
19
-0.836984 0.582465
-0.840456 0.574004
-0.843991 0.563626
-0.844640 0.558838
-0.841524 0.557466
-0.837261 0.559188
-0.833171 0.563276
-0.829212 0.566780
-0.826799 0.570517
-0.826737 0.576070
-0.827195 0.581793
-0.830037 0.590428
-0.833477 0.599144
-0.836583 0.602115
-0.842436 0.603829
-0.848921 0.598821
-0.847429 0.594122
-0.843739 0.588757
-0.838666 0.584216
0
0
0
0
0
0
0
0
0
0
0
0
0
0
47
-0.088078 -0.883754
-0.088266 -0.887444
-0.090678 -0.891541
-0.094000 -0.895749
-0.096918 -0.899773
-0.101964 -0.903653
-0.107241 -0.908208
-0.109850 -0.913473
-0.107292 -0.916473
-0.102496 -0.918369
-0.101465 -0.924295
-0.101260 -0.928879
-0.097327 -0.930411
-0.093593 -0.930966
-0.088808 -0.927857
-0.079036 -0.920687
-0.069471 -0.913190
-0.066286 -0.908599
-0.065911 -0.902879
-0.066740 -0.897973
-0.069534 -0.893114
-0.075223 -0.890239
-0.077725 -0.889511
-0.082230 -0.888199
-0.085676 -0.886539
-0.087590 -0.883881
-0.087500 -0.879574
-0.087514 -0.874454
-0.081683 -0.860292
-0.072569 -0.847056
-0.070927 -0.839158
-0.069625 -0.830671
-0.070071 -0.825642
-0.073099 -0.821102
-0.083161 -0.814628
-0.094288 -0.808460
-0.099201 -0.807832
-0.105654 -0.810627
-0.106800 -0.817938
-0.103446 -0.829278
-0.099410 -0.840492
-0.095485 -0.852035
-0.093585 -0.858284
-0.091059 -0.865174
-0.089253 -0.871737
-0.088984 -0.877098
-0.089229 -0.882154
0
0
0
0
0
0
0
0
35
0.497959 -0.617284
0.500840 -0.602425
0.502858 -0.587402
0.503442 -0.582965
0.502398 -0.579194
0.499874 -0.580945
0.498293 -0.586351
0.496100 -0.589868
0.495347 -0.595200
0.491869 -0.605362
0.487539 -0.615927
0.483069 -0.626543
0.477677 -0.637806
0.471973 -0.649255
0.465979 -0.660524
0.461756 -0.665443
0.456656 -0.670340
0.451422 -0.675258
0.446621 -0.679559
0.442285 -0.681997
0.444361 -0.684797
0.446818 -0.687428
0.452192 -0.689078
0.456952 -0.690070
0.462046 -0.690405
0.467543 -0.690464
0.472321 -0.687895
0.475670 -0.682814
0.477747 -0.677384
0.482844 -0.664297
0.487935 -0.651224
0.489847 -0.645736
0.491710 -0.639838
0.493977 -0.634466
0.494873 -0.629619
0
0
0
0
0
0
0
0
0
0
0
0
0
0
0
0
0
0
