5
1692
0.671247 -0.375925
0.669367 -0.374295
0.667964 -0.373116
0.666220 -0.371675
0.664670 -0.370421
0.663136 -0.369202
0.661015 -0.367524
0.658882 -0.365848
0.656891 -0.364291
0.654904 -0.362737
0.652725 -0.361025
0.650272 -0.359082
0.648201 -0.357418
0.646038 -0.355657
0.644036 -0.353996
0.641919 -0.352210
0.639940 -0.350507
0.638075 -0.348869
0.636413 -0.347380
0.634895 -0.345995
0.633830 -0.345004
0.632979 -0.344198
0.631970 -0.343239
0.630943 -0.342259
0.629893 -0.341260
0.628692 -0.340123
0.627402 -0.338919
0.625120 -0.336816
0.623277 -0.335165
0.620967 -0.333141
0.618947 -0.331437
0.617498 -0.330282
0.616366 -0.329440
0.614468 -0.328061
0.612707 -0.326840
0.610882 -0.325630
0.609334 -0.324660
0.607834 -0.323767
0.606162 -0.322809
0.603596 -0.321350
0.601429 -0.320160
0.598615 -0.318622
0.595986 -0.317201
0.594074 -0.316177
0.591539 -0.314808
0.588964 -0.313398
0.586343 -0.311935
0.584339 -0.310771
0.582142 -0.309453
0.579989 -0.308108
0.578162 -0.306907
0.576800 -0.305947
0.575088 -0.304684
0.573375 -0.303360
0.571943 -0.302179
0.570411 -0.300846
0.568726 -0.299313
0.567112 -0.297765
0.565007 -0.295688
0.562682 -0.293326
0.560415 -0.290937
0.558200 -0.288520
0.556184 -0.286231
0.554254 -0.283962
0.552636 -0.281973
0.550831 -0.279700
0.549088 -0.277449
0.547672 -0.275553
0.545897 -0.273151
0.544246 -0.270877
0.542917 -0.269012
0.541585 -0.267124
0.540149 -0.265082
0.538664 -0.262969
0.536836 -0.260382
0.534766 -0.257472
0.532496 -0.254312
0.530562 -0.251670
0.528979 -0.249566
0.527093 -0.247101
0.525237 -0.244731
0.523519 -0.242601
0.522020 -0.240805
0.520664 -0.239238
0.519396 -0.237822
0.518047 -0.236362
0.516185 -0.234377
0.514506 -0.232639
0.512620 -0.230725
0.510310 -0.228406
0.508099 -0.226228
0.505892 -0.224085
0.503789 -0.222073
0.501819 -0.220216
0.499790 -0.218320
0.498184 -0.216840
0.496780 -0.215560
0.495515 -0.214418
0.493364 -0.212473
0.490461 -0.209841
0.488271 -0.207857
0.486361 -0.206122
0.484154 -0.204106
0.482248 -0.202351
0.480458 -0.200684
0.477785 -0.198178
0.475804 -0.196282
0.473752 -0.194287
0.471884 -0.192432
0.470006 -0.190526
0.468012 -0.188458
0.465883 -0.186202
0.464170 -0.184312
0.462144 -0.182021
0.460682 -0.180270
0.459157 -0.178366
0.457896 -0.176696
0.456638 -0.174936
0.455206 -0.172836
0.453942 -0.170851
0.452781 -0.168885
0.451686 -0.166874
0.450754 -0.164973
0.449842 -0.162913
0.448932 -0.160624
0.447923 -0.157834
0.447218 -0.155439
0.446390 -0.152276
0.445796 -0.149331
0.445354 -0.146331
0.445360 -0.144759
0.445554 -0.143460
0.445942 -0.141870
0.446495 -0.140314
0.447546 -0.137254
0.448804 -0.133902
0.449651 -0.132820
0.451476 -0.130609
0.453045 -0.128966
0.454970 -0.127082
0.457098 -0.125113
0.459251 -0.123229
0.461606 -0.121227
0.463941 -0.119288
0.466113 -0.117510
0.468435 -0.115590
0.470889 -0.113515
0.473114 -0.111555
0.475012 -0.109771
0.477243 -0.107551
0.478769 -0.105816
0.480263 -0.103929
0.481250 -0.102460
0.481972 -0.101163
0.482428 -0.100087
0.483440 -0.097642
0.484105 -0.095537
0.484539 -0.093586
0.484620 -0.092340
0.484701 -0.089998
0.484580 -0.088684
0.484326 -0.087495
0.483899 -0.085934
0.483158 -0.083433
0.482324 -0.081217
0.481410 -0.079272
0.480305 -0.077249
0.479067 -0.075279
0.477530 -0.073047
0.476057 -0.071182
0.474447 -0.069345
0.472573 -0.067366
0.470619 -0.065469
0.468729 -0.063798
0.466816 -0.062247
0.464341 -0.060316
0.462195 -0.058786
0.460139 -0.057423
0.458032 -0.056109
0.456474 -0.055233
0.454271 -0.054043
0.452260 -0.053021
0.449134 -0.051443
0.446798 -0.050343
0.443589 -0.048843
0.440840 -0.047603
0.438529 -0.046593
0.436211 -0.045599
0.433880 -0.044615
0.431493 -0.043619
0.428617 -0.042422
0.426042 -0.041357
0.423314 -0.040232
0.420626 -0.039125
0.418218 -0.038133
0.415528 -0.037024
0.413497 -0.036185
0.410441 -0.034921
0.407226 -0.033590
0.404352 -0.032399
0.401847 -0.031357
0.399263 -0.030281
0.396587 -0.029164
0.393593 -0.027911
0.390679 -0.026687
0.387796 -0.025469
0.385473 -0.024477
0.383437 -0.023596
0.381141 -0.022589
0.378287 -0.021321
0.376211 -0.020369
0.374028 -0.019341
0.371443 -0.018094
0.369075 -0.016908
0.366360 -0.015505
0.363560 -0.014005
0.361163 -0.012647
0.358677 -0.011170
0.356211 -0.009627
0.353665 -0.007953
0.351233 -0.006258
0.349067 -0.004638
0.347315 -0.003211
0.345710 -0.001796
0.344180 -0.000352
0.343161 0.000712
0.342386 0.001620
0.340238 0.004038
0.339374 0.005203
0.338238 0.006844
0.336861 0.008903
0.335248 0.011388
0.333795 0.013732
0.332801 0.015454
0.331643 0.017524
0.330370 0.019843
0.328826 0.022670
0.327561 0.025023
0.326173 0.027601
0.324723 0.030274
0.323155 0.033122
0.321811 0.035500
0.320472 0.037802
0.319458 0.039468
0.318711 0.040619
0.317440 0.042531
0.315737 0.045034
0.313966 0.047546
0.312297 0.049805
0.310468 0.052192
0.308243 0.055027
0.306197 0.057510
0.304121 0.059932
0.302204 0.062060
0.300455 0.063900
0.298364 0.066035
0.296163 0.068210
0.294254 0.070004
0.292171 0.071903
0.290130 0.073700
0.287993 0.075529
0.286177 0.077024
0.284509 0.078349
0.282583 0.079847
0.280053 0.081796
0.277652 0.083614
0.275639 0.085103
0.273365 0.086769
0.271149 0.088373
0.269173 0.089787
0.266821 0.091459
0.264616 0.093015
0.262546 0.094465
0.260436 0.095933
0.257921 0.097676
0.255608 0.099268
0.253173 0.100933
0.250742 0.102584
0.248977 0.103766
0.247025 0.105058
0.245101 0.106315
0.242731 0.107846
0.240053 0.109557
0.237229 0.111337
0.234356 0.113119
0.231715 0.114721
0.228466 0.116670
0.225916 0.118148
0.224009 0.119206
0.221655 0.120484
0.218955 0.121923
0.216721 0.123073
0.214847 0.124001
0.212583 0.125099
0.210181 0.126240
0.207766 0.127362
0.205240 0.128517
0.203411 0.129328
0.199464 0.131089
0.197447 0.131957
0.195602 0.132741
0.193809 0.133498
0.191930 0.134288
0.189666 0.135241
0.187435 0.136180
0.185618 0.136946
0.183892 0.137678
0.180400 0.139164
0.177881 0.140244
0.175727 0.141176
0.173180 0.142283
0.170386 0.143501
0.167785 0.144641
0.165026 0.145852
0.162066 0.147153
0.159406 0.148321
0.156913 0.149412
0.154079 0.150648
0.151192 0.151899
0.148725 0.152956
0.146713 0.153804
0.144279 0.154818
0.141706 0.155876
0.139359 0.156820
0.136746 0.157854
0.133968 0.158935
0.131439 0.159894
0.128741 0.160897
0.125992 0.161897
0.123331 0.162842
0.120564 0.163804
0.117765 0.164757
0.114517 0.165848
0.111188 0.166950
0.108105 0.167949
0.105014 0.168937
0.101977 0.169895
0.098310 0.171047
0.094887 0.172112
0.091438 0.173180
0.088372 0.174125
0.085007 0.175163
0.081827 0.176145
0.078469 0.177186
0.075314 0.178170
0.072264 0.179129
0.068850 0.180211
0.065331 0.181337
0.062165 0.182364
0.058876 0.183444
0.055919 0.184432
0.052786 0.185493
0.049711 0.186549
0.046660 0.187613
0.043513 0.188725
0.040311 0.189873
0.037081 0.191044
0.034463 0.192016
0.031297 0.193201
0.028054 0.194429
0.024937 0.195623
0.021891 0.196804
0.018879 0.197985
0.015822 0.199193
0.013665 0.200061
0.010866 0.201194
0.008067 0.202335
0.005168 0.203523
0.002515 0.204617
-0.000727 0.205954
-0.003848 0.207245
-0.006490 0.208338
-0.009343 0.209518
-0.011965 0.210600
-0.015146 0.211909
-0.018285 0.213194
-0.021284 0.214414
-0.024335 0.215646
-0.027459 0.216897
-0.030504 0.218104
-0.033608 0.219321
-0.036449 0.220420
-0.039406 0.221550
-0.042370 0.222667
-0.044920 0.223609
-0.048102 0.224776
-0.051310 0.225936
-0.054119 0.226935
-0.056585 0.227795
-0.059479 0.228794
-0.062162 0.229707
-0.064817 0.230599
-0.067492 0.231488
-0.070182 0.232372
-0.072939 0.233271
-0.075913 0.234235
-0.079151 0.235278
-0.081918 0.236162
-0.084712 0.237049
-0.087832 0.238036
-0.090858 0.238987
-0.093931 0.239949
-0.096831 0.240850
-0.098731 0.241434
-0.099984 0.241813
-0.103317 0.242822
-0.106062 0.243643
-0.107998 0.244211
-0.110242 0.244862
-0.112705 0.245568
-0.115058 0.246231
-0.117529 0.246918
-0.119979 0.247586
-0.122946 0.248387
-0.125283 0.249002
-0.127849 0.249667
-0.130795 0.250420
-0.133527 0.251107
-0.136770 0.251915
-0.138776 0.252399
-0.141262 0.252993
-0.143970 0.253635
-0.146379 0.254202
-0.148724 0.254751
-0.151675 0.255444
-0.154115 0.256019
-0.157071 0.256721
-0.159486 0.257303
-0.162711 0.258090
-0.165575 0.258803
-0.168523 0.259551
-0.171852 0.260411
-0.174948 0.261234
-0.178229 0.262126
-0.180791 0.262854
-0.183209 0.263566
-0.186301 0.264496
-0.189111 0.265370
-0.192410 0.266415
-0.195724 0.267492
-0.198226 0.268344
-0.201003 0.269313
-0.204073 0.270405
-0.206961 0.271460
-0.209961 0.272578
-0.213482 0.273904
-0.216515 0.275075
-0.219525 0.276259
-0.222246 0.277351
-0.225104 0.278514
-0.228543 0.279922
-0.231556 0.281176
-0.234639 0.282471
-0.237497 0.283685
-0.240441 0.284945
-0.243536 0.286277
-0.246315 0.287482
-0.249331 0.288795
-0.252409 0.290138
-0.255323 0.291413
-0.258239 0.292691
-0.261053 0.293925
-0.263462 0.294980
-0.266040 0.296108
-0.268701 0.297268
-0.271530 0.298498
-0.274401 0.299739
-0.277148 0.300919
-0.280221 0.302231
-0.283018 0.303413
-0.285984 0.304654
-0.289052 0.305923
-0.292398 0.307291
-0.295866 0.308690
-0.298875 0.309873
-0.301977 0.311068
-0.305186 0.312275
-0.308362 0.313435
-0.311596 0.314579
-0.314607 0.315597
-0.317721 0.316606
-0.320874 0.317579
-0.324024 0.318497
-0.327532 0.319470
-0.330862 0.320323
-0.333785 0.320988
-0.336677 0.321576
-0.338686 0.321888
-0.340720 0.322135
-0.342784 0.322316
-0.345587 0.322508
-0.347787 0.322560
-0.350312 0.322546
-0.352683 0.322444
-0.355226 0.322257
-0.357364 0.322002
-0.359357 0.321674
-0.362066 0.321166
-0.364797 0.320563
-0.367509 0.319871
-0.370262 0.319077
-0.372378 0.318344
-0.374974 0.317371
-0.377519 0.316324
-0.379925 0.315237
-0.382517 0.313988
-0.384989 0.312707
-0.387422 0.311364
-0.389644 0.310053
-0.391916 0.308644
-0.394276 0.307123
-0.396466 0.305649
-0.398817 0.304025
-0.400351 0.302911
-0.401496 0.302044
-0.402640 0.301157
-0.404204 0.299936
-0.405485 0.298922
-0.407805 0.297100
-0.410068 0.295328
-0.412020 0.293814
-0.413378 0.292783
-0.415638 0.291091
-0.416916 0.290168
-0.418079 0.289359
-0.419600 0.288325
-0.422043 0.286685
-0.424098 0.285353
-0.425878 0.284246
-0.427833 0.283066
-0.429966 0.281814
-0.432623 0.280279
-0.434678 0.279139
-0.437015 0.277867
-0.439224 0.276690
-0.441177 0.275671
-0.443048 0.274709
-0.445368 0.273520
-0.447184 0.272592
-0.449440 0.271433
-0.451701 0.270260
-0.453976 0.269059
-0.456345 0.267783
-0.458903 0.266372
-0.460740 0.265309
-0.462632 0.264171
-0.464527 0.262987
-0.466320 0.261815
-0.467919 0.260719
-0.469306 0.259718
-0.470657 0.258693
-0.472960 0.256923
-0.475411 0.254988
-0.477437 0.253312
-0.479985 0.251166
-0.482252 0.249189
-0.484284 0.247353
-0.486963 0.244910
-0.489160 0.242837
-0.491168 0.240893
-0.493040 0.239039
-0.494840 0.237219
-0.496611 0.235396
-0.498770 0.233159
-0.501160 0.230667
-0.503188 0.228529
-0.504758 0.226858
-0.506372 0.225133
-0.508412 0.222955
-0.510246 0.221001
-0.512044 0.219095
-0.514141 0.216889
-0.515886 0.215076
-0.517735 0.213181
-0.519319 0.211592
-0.520771 0.210170
-0.522226 0.208784
-0.524551 0.206601
-0.526441 0.204893
-0.528594 0.203003
-0.530458 0.201438
-0.531999 0.200220
-0.533765 0.198888
-0.536155 0.197142
-0.538498 0.195518
-0.541036 0.193842
-0.543503 0.192316
-0.545893 0.190943
-0.548286 0.189673
-0.550372 0.188686
-0.552509 0.187779
-0.554937 0.186846
-0.557240 0.186073
-0.559209 0.185533
-0.561219 0.185090
-0.563767 0.184613
-0.566106 0.184296
-0.568311 0.184116
-0.570786 0.184018
-0.573606 0.184005
-0.576244 0.184120
-0.578950 0.184353
-0.581151 0.184678
-0.583020 0.185074
-0.584897 0.185577
-0.587016 0.186237
-0.589064 0.186981
-0.590961 0.187777
-0.592709 0.188614
-0.594309 0.189481
-0.596354 0.190656
-0.597467 0.191413
-0.599435 0.192804
-0.601041 0.194031
-0.602561 0.195278
-0.604150 0.196653
-0.606203 0.198474
-0.607859 0.200023
-0.609631 0.201729
-0.610896 0.203001
-0.611846 0.203999
-0.613348 0.205588
-0.615070 0.207425
-0.616345 0.208811
-0.617229 0.209788
-0.618702 0.211419
-0.620354 0.213250
-0.622245 0.215347
-0.624378 0.217707
-0.626390 0.219931
-0.628470 0.222225
-0.630563 0.224529
-0.631846 0.225937
-0.632867 0.227058
-0.635015 0.229430
-0.636952 0.231584
-0.639087 0.233978
-0.640163 0.235220
-0.641310 0.236577
-0.643458 0.239145
-0.644786 0.240809
-0.646310 0.242777
-0.647576 0.244485
-0.648988 0.246462
-0.650327 0.248422
-0.651677 0.250493
-0.652853 0.252406
-0.653839 0.254130
-0.654956 0.256191
-0.656147 0.258506
-0.657132 0.260584
-0.658124 0.262828
-0.659322 0.265663
-0.660375 0.268355
-0.661256 0.270830
-0.662097 0.273397
-0.662738 0.275609
-0.663347 0.277945
-0.664021 0.280733
-0.664506 0.283065
-0.664884 0.285208
-0.665396 0.288288
-0.665766 0.290927
-0.666056 0.293393
-0.666415 0.296641
-0.666663 0.299381
-0.666849 0.301870
-0.667066 0.304982
-0.667237 0.307824
-0.667383 0.310523
-0.667493 0.312809
-0.667586 0.314863
-0.667746 0.318144
-0.667911 0.321332
-0.668108 0.324777
-0.668308 0.327769
-0.668519 0.330412
-0.668772 0.333106
-0.669097 0.336167
-0.669459 0.339079
-0.669817 0.341445
-0.670166 0.343324
-0.670655 0.345679
-0.671247 0.348242
-0.671998 0.351233
-0.672704 0.353644
-0.673623 0.356552
-0.674719 0.359783
-0.675831 0.362738
-0.677005 0.365577
-0.678127 0.367980
-0.679427 0.370557
-0.680505 0.372426
-0.681421 0.373800
-0.682750 0.375667
-0.683970 0.377219
-0.685116 0.378527
-0.686421 0.379895
-0.687987 0.381436
-0.689206 0.382511
-0.690357 0.383417
-0.692490 0.385072
-0.694192 0.386266
-0.696161 0.387561
-0.698353 0.388925
-0.700556 0.390215
-0.702463 0.391247
-0.704398 0.392228
-0.706443 0.393209
-0.709658 0.394743
-0.712849 0.396219
-0.715762 0.397518
-0.717928 0.398432
-0.720907 0.399677
-0.723922 0.400915
-0.727008 0.402167
-0.729477 0.403147
-0.731758 0.404036
-0.734516 0.405104
-0.737263 0.406156
-0.740214 0.407276
-0.743509 0.408517
-0.746440 0.409605
-0.749487 0.410722
-0.752376 0.411762
-0.754718 0.412580
-0.757207 0.413429
-0.759967 0.414345
-0.762790 0.415253
-0.765646 0.416137
-0.768532 0.416992
-0.770830 0.417620
-0.773022 0.418173
-0.776106 0.418916
-0.779252 0.419620
-0.782213 0.420218
-0.785337 0.420791
-0.787862 0.421168
-0.790566 0.421508
-0.792737 0.421698
-0.795429 0.421874
-0.798272 0.421994
-0.801098 0.422036
-0.803985 0.422006
-0.806809 0.421898
-0.810139 0.421713
-0.813087 0.421456
-0.815615 0.421145
-0.818195 0.420757
-0.820999 0.420271
-0.823543 0.419753
-0.826285 0.419134
-0.828981 0.418461
-0.831996 0.417659
-0.834742 0.416862
-0.837555 0.415994
-0.840310 0.415092
-0.843057 0.414145
-0.845734 0.413177
-0.848479 0.412144
-0.851702 0.410905
-0.854820 0.409667
-0.857578 0.408526
-0.860284 0.407372
-0.862859 0.406236
-0.865388 0.405084
-0.868220 0.403761
-0.871138 0.402361
-0.874229 0.400840
-0.877203 0.399327
-0.879550 0.398066
-0.882184 0.396604
-0.885237 0.394862
-0.887816 0.393306
-0.890475 0.391634
-0.892744 0.390114
-0.895151 0.388422
-0.897310 0.386801
-0.899306 0.385197
-0.900999 0.383722
-0.902248 0.382514
-0.903539 0.381146
-0.906056 0.378446
-0.906958 0.377153
-0.908002 0.375461
-0.909195 0.373356
-0.910102 0.371467
-0.911165 0.368983
-0.911867 0.366896
-0.912387 0.364831
-0.912861 0.362336
-0.913073 0.360121
-0.913028 0.358447
-0.912266 0.355001
-0.911431 0.351306
-0.910635 0.349419
-0.909929 0.348295
-0.908522 0.346145
-0.907258 0.344512
-0.906282 0.343511
-0.904929 0.342263
-0.902094 0.339491
-0.900420 0.338191
-0.898756 0.337002
-0.897207 0.335976
-0.895060 0.334580
-0.893306 0.333496
-0.890851 0.331980
-0.888511 0.330543
-0.886055 0.329022
-0.884023 0.327742
-0.882138 0.326520
-0.879950 0.325062
-0.877964 0.323693
-0.876957 0.322935
-0.875064 0.321477
-0.873249 0.320024
-0.871458 0.318531
-0.869755 0.317050
-0.868278 0.315708
-0.867240 0.314705
-0.864797 0.312371
-0.863200 0.310765
-0.860180 0.307753
-0.858199 0.305717
-0.856821 0.304278
-0.855348 0.302737
-0.853792 0.301116
-0.852352 0.299633
-0.850863 0.298125
-0.848892 0.296164
-0.847402 0.294734
-0.845884 0.293331
-0.844096 0.291726
-0.842981 0.290802
-0.840768 0.289008
-0.838624 0.287348
-0.836840 0.286060
-0.835152 0.284926
-0.833207 0.283691
-0.831302 0.282566
-0.828938 0.281238
-0.826405 0.279895
-0.824339 0.278900
-0.822841 0.278265
-0.821443 0.277744
-0.819205 0.276950
-0.816358 0.275988
-0.813059 0.274930
-0.809903 0.274000
-0.807044 0.273244
-0.804642 0.272688
-0.802959 0.272379
-0.800388 0.271946
-0.796964 0.271396
-0.794004 0.270995
-0.791710 0.270756
-0.788683 0.270473
-0.785438 0.270209
-0.782450 0.270015
-0.779508 0.269865
-0.776185 0.269721
-0.773619 0.269656
-0.771191 0.269624
-0.768947 0.269620
-0.765939 0.269624
-0.762557 0.269636
-0.759035 0.269652
-0.755790 0.269667
-0.752452 0.269670
-0.749151 0.269651
-0.746610 0.269596
-0.743789 0.269489
-0.740332 0.269297
-0.737438 0.269022
-0.734345 0.268605
-0.731913 0.268066
-0.729473 0.267296
-0.727404 0.266353
-0.726053 0.265408
-0.725072 0.264372
-0.724298 0.263143
-0.723283 0.261167
-0.723033 0.259843
-0.723111 0.258359
-0.723442 0.256115
-0.724088 0.253982
-0.724886 0.253112
-0.726350 0.251984
-0.729039 0.249721
-0.731484 0.248293
-0.734688 0.246390
-0.736678 0.245621
-0.739041 0.244793
-0.741553 0.243967
-0.743527 0.243385
-0.745462 0.242846
-0.747199 0.242385
-0.749072 0.241899
-0.751222 0.241346
-0.753267 0.240827
-0.755359 0.240299
-0.757630 0.239728
-0.760393 0.239035
-0.763501 0.238257
-0.766977 0.237388
-0.770304 0.236558
-0.773657 0.235723
-0.777149 0.234852
-0.780154 0.234100
-0.783028 0.233372
-0.785897 0.232630
-0.788282 0.231990
-0.789917 0.231518
-0.792528 0.230725
-0.794671 0.230008
-0.797236 0.229073
-0.799797 0.228034
-0.802020 0.226984
-0.804221 0.225781
-0.806131 0.224542
-0.807460 0.223445
-0.808792 0.222132
-0.809610 0.221075
-0.810461 0.219725
-0.810942 0.218623
-0.812146 0.215972
-0.812451 0.214492
-0.812628 0.212670
-0.812553 0.211448
-0.812315 0.209800
-0.811894 0.207682
-0.811282 0.205349
-0.810499 0.202981
-0.809567 0.200600
-0.808550 0.198357
-0.807432 0.196135
-0.806101 0.193622
-0.804981 0.191695
-0.803880 0.189904
-0.802438 0.187581
-0.801260 0.185738
-0.799828 0.183494
-0.798106 0.180763
-0.797111 0.179158
-0.796423 0.178010
-0.795391 0.176252
-0.794063 0.173953
-0.793519 0.172927
-0.791820 0.169752
-0.790770 0.167672
-0.789572 0.165246
-0.788702 0.163416
-0.788018 0.161933
-0.787389 0.160540
-0.786835 0.159298
-0.786332 0.158167
-0.785286 0.155862
-0.783369 0.151759
-0.781850 0.148641
-0.780976 0.147075
-0.779421 0.144425
-0.778062 0.142323
-0.776706 0.140435
-0.775081 0.138361
-0.773675 0.136815
-0.772182 0.135374
-0.770878 0.134302
-0.769825 0.133616
-0.768459 0.132868
-0.766477 0.131909
-0.764459 0.131118
-0.762782 0.130686
-0.760388 0.130208
-0.758407 0.130009
-0.756782 0.130015
-0.755543 0.130170
-0.753682 0.130486
-0.751795 0.130924
-0.750083 0.131459
-0.748195 0.132164
-0.745988 0.133082
-0.743839 0.134084
-0.741759 0.135139
-0.740690 0.135778
-0.739368 0.136618
-0.736560 0.138316
-0.734262 0.139735
-0.731909 0.141166
-0.729918 0.142340
-0.728514 0.143102
-0.725543 0.144642
-0.722423 0.146150
-0.720204 0.147041
-0.718440 0.147596
-0.715574 0.148406
-0.713636 0.148775
-0.712128 0.148935
-0.710785 0.148980
-0.709561 0.148940
-0.708267 0.148825
-0.707116 0.148652
-0.704874 0.148302
-0.702564 0.147853
-0.698913 0.147137
-0.697705 0.146663
-0.695433 0.145711
-0.692647 0.144516
-0.690041 0.143339
-0.687360 0.142095
-0.685515 0.141193
-0.683612 0.140244
-0.681433 0.139153
-0.678828 0.137851
-0.677037 0.136958
-0.675272 0.136083
-0.673701 0.135313
-0.672369 0.134670
-0.669889 0.133479
-0.666271 0.131748
-0.663880 0.130630
-0.661361 0.129463
-0.659329 0.128534
-0.657739 0.127815
-0.655373 0.126744
-0.653017 0.125678
-0.650742 0.124644
-0.648926 0.123812
-0.647415 0.123112
-0.646110 0.122498
-0.644308 0.121639
-0.641378 0.120230
-0.639282 0.119194
-0.637658 0.118369
-0.635934 0.117471
-0.633910 0.116400
-0.631932 0.115333
-0.630439 0.114506
-0.629406 0.113915
-0.626136 0.112086
-0.624408 0.111086
-0.623005 0.110259
-0.620891 0.109012
-0.618440 0.107568
-0.615916 0.106082
-0.613926 0.104917
-0.611603 0.103570
-0.609597 0.102425
-0.607643 0.101331
-0.604974 0.099858
-0.602245 0.098384
-0.599181 0.096761
-0.596677 0.095491
-0.593842 0.094090
-0.591299 0.092889
-0.588710 0.091713
-0.586362 0.090702
-0.583675 0.089585
-0.581610 0.088789
-0.579226 0.087911
-0.576807 0.087062
-0.574564 0.086321
-0.571582 0.085360
-0.568320 0.084338
-0.565013 0.083333
-0.562141 0.082501
-0.559317 0.081709
-0.556318 0.080887
-0.552781 0.079926
-0.549414 0.079028
-0.545715 0.078045
-0.542456 0.077188
-0.539029 0.076286
-0.535833 0.075444
-0.532884 0.074662
-0.530327 0.073977
-0.527473 0.073204
-0.524521 0.072394
-0.521594 0.071579
-0.518500 0.070706
-0.515553 0.069859
-0.512964 0.069099
-0.510176 0.068267
-0.507214 0.067370
-0.504516 0.066537
-0.501994 0.065743
-0.498988 0.064788
-0.495463 0.063660
-0.492377 0.062658
-0.490107 0.061905
-0.487615 0.061070
-0.484971 0.060177
-0.482328 0.059277
-0.479824 0.058417
-0.476960 0.057430
-0.474350 0.056525
-0.471508 0.055538
-0.469049 0.054680
-0.466425 0.053763
-0.463873 0.052871
-0.461615 0.052080
-0.458551 0.051007
-0.456239 0.050197
-0.453669 0.049298
-0.451527 0.048548
-0.448896 0.047626
-0.447174 0.047022
-0.444353 0.046032
-0.441602 0.045064
-0.438911 0.044115
-0.437137 0.043486
-0.434525 0.042555
-0.432021 0.041657
-0.429815 0.040859
-0.427098 0.039870
-0.424891 0.039056
-0.422475 0.038157
-0.420043 0.037240
-0.417666 0.036331
-0.415320 0.035421
-0.412743 0.034407
-0.410167 0.033379
-0.407967 0.032481
-0.405946 0.031638
-0.404121 0.030857
-0.400784 0.029421
-0.397631 0.028040
-0.394399 0.026602
-0.392108 0.025546
-0.390554 0.024798
-0.388233 0.023663
-0.386300 0.022687
-0.384023 0.021515
-0.382618 0.020759
-0.381166 0.019952
-0.379887 0.019217
-0.377438 0.017800
-0.374835 0.016263
-0.372493 0.014840
-0.370044 0.013315
-0.367849 0.011905
-0.366064 0.010712
-0.363586 0.009027
-0.361558 0.007595
-0.359137 0.005851
-0.357642 0.004716
-0.356390 0.003720
-0.354491 0.002183
-0.352272 0.000355
-0.351002 -0.000763
-0.348193 -0.003242
-0.345876 -0.005355
-0.344314 -0.006841
-0.343474 -0.007685
-0.342594 -0.008604
-0.341694 -0.009573
-0.339434 -0.011981
-0.338225 -0.013361
-0.336052 -0.015870
-0.334302 -0.017966
-0.332724 -0.019915
-0.331467 -0.021525
-0.330716 -0.022547
-0.329162 -0.024677
-0.327534 -0.026957
-0.325928 -0.029266
-0.324517 -0.031360
-0.323174 -0.033408
-0.322403 -0.034648
-0.321498 -0.036150
-0.320387 -0.038027
-0.319312 -0.039886
-0.318645 -0.041086
-0.317957 -0.042364
-0.316970 -0.044218
-0.315478 -0.047026
-0.313945 -0.049945
-0.312481 -0.052762
-0.310918 -0.055789
-0.309555 -0.058453
-0.308166 -0.061179
-0.306708 -0.064050
-0.305523 -0.066397
-0.303743 -0.069921
-0.302224 -0.072937
-0.300852 -0.075669
-0.299773 -0.077828
-0.298693 -0.079997
-0.297276 -0.082854
-0.295913 -0.085619
-0.294361 -0.088781
-0.292878 -0.091829
-0.291261 -0.095171
-0.289513 -0.098808
-0.287985 -0.102025
-0.287006 -0.104136
-0.285955 -0.106431
-0.284811 -0.108951
-0.284026 -0.110708
-0.283530 -0.111842
-0.282934 -0.113219
-0.282085 -0.115188
-0.281120 -0.117436
-0.280264 -0.119445
-0.278448 -0.123687
-0.277428 -0.126090
-0.276311 -0.128724
-0.275550 -0.130526
-0.274891 -0.132087
-0.274106 -0.133957
-0.272928 -0.136765
-0.271957 -0.139095
-0.271013 -0.141378
-0.270036 -0.143761
-0.268847 -0.146690
-0.267705 -0.149537
-0.266626 -0.152274
-0.265758 -0.154534
-0.265037 -0.156474
-0.263811 -0.159810
-0.263360 -0.161173
-0.262743 -0.163111
-0.261945 -0.165667
-0.261164 -0.168251
-0.260308 -0.171159
-0.259550 -0.173835
-0.258668 -0.177000
-0.257909 -0.179808
-0.257470 -0.181526
-0.256820 -0.184076
-0.256153 -0.186698
-0.255816 -0.188008
-0.255065 -0.190849
-0.254160 -0.194166
-0.253243 -0.197355
-0.252409 -0.200017
-0.251461 -0.202830
-0.250397 -0.205744
-0.249511 -0.207816
-0.248342 -0.210327
-0.247094 -0.212762
-0.246185 -0.214215
-0.245051 -0.215838
-0.244028 -0.217114
-0.242735 -0.218585
-0.241831 -0.219439
-0.239945 -0.221180
-0.238909 -0.221961
-0.237847 -0.222625
-0.235557 -0.224076
-0.233659 -0.225135
-0.232264 -0.225784
-0.230916 -0.226309
-0.227754 -0.227604
-0.224518 -0.228842
-0.221855 -0.229737
-0.218973 -0.230647
-0.216236 -0.231447
-0.213411 -0.232232
-0.210444 -0.233030
-0.207003 -0.233951
-0.203920 -0.234762
-0.200741 -0.235606
-0.197412 -0.236508
-0.194249 -0.237393
-0.191248 -0.238272
-0.188357 -0.239164
-0.185274 -0.240164
-0.182887 -0.241013
-0.180564 -0.241899
-0.178726 -0.242666
-0.177228 -0.243353
-0.175501 -0.244197
-0.173430 -0.245259
-0.170156 -0.246963
-0.167262 -0.248558
-0.164686 -0.250061
-0.161988 -0.251698
-0.159314 -0.253388
-0.156421 -0.255268
-0.153863 -0.257008
-0.151427 -0.258729
-0.149258 -0.260325
-0.146056 -0.262694
-0.143340 -0.264771
-0.141028 -0.266597
-0.139157 -0.268122
-0.137468 -0.269534
-0.134720 -0.271833
-0.132133 -0.274020
-0.129593 -0.276182
-0.127296 -0.278146
-0.124898 -0.280196
-0.122339 -0.282374
-0.119660 -0.284638
-0.116839 -0.287000
-0.114099 -0.289260
-0.111221 -0.291598
-0.108700 -0.293588
-0.105977 -0.295693
-0.103160 -0.297815
-0.100336 -0.299878
-0.097726 -0.301705
-0.094865 -0.303647
-0.092262 -0.305324
-0.089840 -0.306797
-0.087075 -0.308415
-0.084014 -0.310139
-0.081310 -0.311559
-0.078941 -0.312704
-0.076403 -0.313857
-0.073221 -0.315250
-0.070510 -0.316334
-0.068501 -0.317042
-0.066941 -0.317515
-0.064904 -0.318079
-0.062255 -0.318770
-0.059370 -0.319465
-0.056163 -0.320186
-0.053041 -0.320825
-0.050309 -0.321312
-0.047176 -0.321831
-0.044359 -0.322238
-0.041455 -0.322615
-0.038079 -0.323025
-0.035209 -0.323323
-0.031731 -0.323665
-0.028464 -0.323954
-0.025179 -0.324221
-0.021551 -0.324502
-0.017765 -0.324783
-0.014459 -0.325011
-0.011256 -0.325221
-0.007930 -0.325435
-0.004871 -0.325626
-0.001683 -0.325822
0.001496 -0.326016
0.004672 -0.326208
0.007321 -0.326366
0.009910 -0.326517
0.013052 -0.326695
0.016113 -0.326862
0.018691 -0.326993
0.020334 -0.327065
0.021933 -0.327122
0.025411 -0.327235
0.028827 -0.327321
0.032257 -0.327378
0.035681 -0.327399
0.039183 -0.327379
0.042253 -0.327304
0.045542 -0.327176
0.049161 -0.326985
0.051762 -0.326751
0.053900 -0.326484
0.056031 -0.326150
0.058297 -0.325727
0.061084 -0.325144
0.064246 -0.324411
0.066799 -0.323699
0.069283 -0.322906
0.072070 -0.321924
0.074882 -0.320822
0.077549 -0.319646
0.080298 -0.318308
0.082961 -0.316861
0.085532 -0.315298
0.087800 -0.313718
0.090187 -0.311869
0.092311 -0.309977
0.094423 -0.307855
0.096138 -0.305811
0.097469 -0.303889
0.098318 -0.302270
0.099327 -0.300036
0.100153 -0.297800
0.100544 -0.296173
0.100872 -0.294249
0.101115 -0.292209
0.101236 -0.290294
0.101341 -0.287855
0.101437 -0.285034
0.101551 -0.281930
0.101691 -0.278958
0.101897 -0.276193
0.102230 -0.273247
0.102683 -0.270610
0.103223 -0.268449
0.103802 -0.266899
0.104861 -0.264347
0.106072 -0.261862
0.107201 -0.260043
0.108677 -0.257925
0.110522 -0.255473
0.112454 -0.253146
0.114698 -0.250590
0.116874 -0.248310
0.119009 -0.246227
0.121242 -0.244151
0.123734 -0.241894
0.125884 -0.240036
0.127315 -0.238870
0.128358 -0.238065
0.130793 -0.236151
0.134268 -0.233393
0.136348 -0.231772
0.137461 -0.230911
0.138754 -0.229915
0.140507 -0.228568
0.143125 -0.226561
0.145751 -0.224559
0.148297 -0.222632
0.150301 -0.221136
0.151567 -0.220215
0.153295 -0.218978
0.154734 -0.217976
0.156800 -0.216564
0.159033 -0.215074
0.161452 -0.213503
0.163659 -0.212121
0.165267 -0.211176
0.167711 -0.209777
0.169807 -0.208638
0.172182 -0.207395
0.175015 -0.205954
0.177553 -0.204726
0.179828 -0.203684
0.181554 -0.202944
0.182749 -0.202477
0.183913 -0.202056
0.188576 -0.200225
0.191257 -0.199301
0.193820 -0.198469
0.196128 -0.197772
0.197904 -0.197286
0.199388 -0.196924
0.201284 -0.196494
0.202508 -0.196260
0.204562 -0.195893
0.206144 -0.195659
0.208603 -0.195330
0.212576 -0.194817
0.214847 -0.194654
0.217198 -0.194539
0.218512 -0.194546
0.220852 -0.194594
0.224090 -0.194689
0.226188 -0.194848
0.228275 -0.195064
0.230242 -0.195321
0.231865 -0.195588
0.234425 -0.196037
0.236576 -0.196470
0.238612 -0.196928
0.240965 -0.197491
0.242575 -0.197927
0.246091 -0.198866
0.248811 -0.199641
0.250760 -0.200230
0.252146 -0.200673
0.253698 -0.201184
0.256008 -0.201949
0.259271 -0.203027
0.261169 -0.203674
0.263590 -0.204504
0.266312 -0.205437
0.269559 -0.206548
0.272245 -0.207466
0.275536 -0.208587
0.277916 -0.209392
0.280265 -0.210183
0.282702 -0.211000
0.285908 -0.212076
0.288621 -0.212986
0.291552 -0.213971
0.294348 -0.214916
0.296526 -0.215661
0.299252 -0.216605
0.302533 -0.217754
0.306315 -0.219096
0.309699 -0.220329
0.312993 -0.221561
0.315646 -0.222599
0.317827 -0.223499
0.320517 -0.224641
0.322105 -0.225371
0.323492 -0.226055
0.327425 -0.227966
0.330097 -0.229370
0.332152 -0.230528
0.335004 -0.232176
0.337852 -0.233888
0.340320 -0.235454
0.342844 -0.237122
0.344932 -0.238590
0.346776 -0.239967
0.349030 -0.241705
0.350685 -0.243077
0.352736 -0.244838
0.354673 -0.246575
0.356476 -0.248270
0.358427 -0.250168
0.360325 -0.252082
0.361635 -0.253490
0.362965 -0.254984
0.364983 -0.257275
0.367101 -0.259733
0.369121 -0.262134
0.371163 -0.264609
0.373315 -0.267252
0.375402 -0.269855
0.377304 -0.272264
0.379307 -0.274821
0.381353 -0.277448
0.383669 -0.280424
0.386098 -0.283545
0.387985 -0.285971
0.389771 -0.288258
0.391386 -0.290317
0.392869 -0.292192
0.394397 -0.294109
0.396040 -0.296153
0.397498 -0.297946
0.399140 -0.299947
0.400755 -0.301894
0.402267 -0.303695
0.403356 -0.304969
0.404783 -0.306623
0.406829 -0.308982
0.408942 -0.311399
0.411172 -0.313933
0.413217 -0.316232
0.415291 -0.318546
0.417159 -0.320609
0.418434 -0.321996
0.419298 -0.322919
0.420803 -0.324522
0.423051 -0.326909
0.424988 -0.328947
0.426268 -0.330274
0.427980 -0.332038
0.430043 -0.334154
0.431795 -0.335938
0.434083 -0.338261
0.436059 -0.340254
0.437955 -0.342158
0.439535 -0.343736
0.440776 -0.344968
0.442429 -0.346602
0.444111 -0.348260
0.445798 -0.349917
0.447801 -0.351878
0.449695 -0.353723
0.451820 -0.355786
0.453257 -0.357168
0.454878 -0.358714
0.457006 -0.360733
0.458953 -0.362559
0.461226 -0.364672
0.463608 -0.366861
0.466025 -0.369051
0.468407 -0.371172
0.470733 -0.373201
0.472985 -0.375118
0.475418 -0.377144
0.477719 -0.379002
0.479799 -0.380617
0.482114 -0.382361
0.484828 -0.384356
0.487411 -0.386181
0.489879 -0.387850
0.492289 -0.389408
0.494297 -0.390627
0.495831 -0.391483
0.497726 -0.392484
0.500487 -0.393911
0.502818 -0.395032
0.505310 -0.396172
0.507333 -0.397022
0.509574 -0.397911
0.511972 -0.398810
0.514214 -0.399595
0.516140 -0.400213
0.518373 -0.400888
0.520804 -0.401583
0.523693 -0.402376
0.526667 -0.403155
0.529470 -0.403848
0.532461 -0.404558
0.536285 -0.405455
0.538758 -0.405979
0.541378 -0.406512
0.544060 -0.407038
0.546741 -0.407545
0.549481 -0.408047
0.552078 -0.408507
0.554848 -0.408987
0.557850 -0.409499
0.561213 -0.410066
0.564416 -0.410600
0.567180 -0.411053
0.569924 -0.411499
0.572380 -0.411896
0.574764 -0.412279
0.576511 -0.412559
0.578084 -0.412811
0.581926 -0.413428
0.584715 -0.413878
0.587498 -0.414329
0.590257 -0.414780
0.593691 -0.415344
0.596545 -0.415819
0.599179 -0.416264
0.601657 -0.416690
0.604896 -0.417252
0.608022 -0.417804
0.611174 -0.418372
0.614138 -0.418920
0.617406 -0.419536
0.620414 -0.420120
0.623797 -0.420793
0.626861 -0.421425
0.629676 -0.422030
0.632394 -0.422637
0.634610 -0.423161
0.636815 -0.423707
0.639421 -0.424374
0.642579 -0.425203
0.645199 -0.425927
0.647715 -0.426653
0.650532 -0.427489
0.653544 -0.428407
0.656595 -0.429363
0.659556 -0.430315
0.661792 -0.431065
0.664883 -0.432109
0.667813 -0.433113
0.670508 -0.434044
0.673292 -0.435007
0.676139 -0.435983
0.678133 -0.436654
0.679922 -0.437237
0.681805 -0.437829
0.683461 -0.438318
0.685902 -0.439004
0.687572 -0.439415
0.690078 -0.439976
0.692662 -0.440479
0.695278 -0.440896
0.697184 -0.441078
0.698927 -0.441132
0.700604 -0.441061
0.703098 -0.440837
0.705368 -0.440439
0.706939 -0.439935
0.708063 -0.439333
0.709325 -0.438434
0.710959 -0.437072
0.712358 -0.435574
0.713128 -0.434265
0.713574 -0.432848
0.714105 -0.430653
0.714703 -0.427748
0.714613 -0.426381
0.714315 -0.425275
0.713819 -0.423912
0.713012 -0.421945
0.711991 -0.419865
0.710694 -0.417537
0.709381 -0.415549
0.707875 -0.413495
0.706069 -0.411169
0.704304 -0.409068
0.702547 -0.407100
0.700224 -0.404512
0.698560 -0.402780
0.696456 -0.400608
0.694531 -0.398651
0.692715 -0.396821
0.690944 -0.395044
0.689230 -0.393326
0.687638 -0.391729
0.686244 -0.390331
0.685183 -0.389268
0.683956 -0.388040
0.682776 -0.386865
0.680957 -0.385063
0.679993 -0.384125
0.677703 -0.381914
0.675535 -0.379849
0.673975 -0.378400
0.672600 -0.377154
87
-0.273750 -0.195274
-0.275346 -0.193361
-0.276460 -0.192373
-0.277512 -0.191672
-0.278964 -0.190838
-0.280598 -0.190053
-0.282414 -0.189350
-0.284547 -0.188687
-0.287053 -0.188062
-0.289739 -0.187563
-0.292561 -0.187204
-0.295180 -0.187060
-0.297655 -0.187090
-0.299531 -0.187297
-0.301644 -0.187667
-0.304156 -0.188222
-0.306476 -0.188892
-0.309094 -0.189774
-0.311536 -0.190755
-0.314189 -0.191950
-0.316446 -0.193142
-0.318820 -0.194534
-0.320990 -0.195969
-0.323172 -0.197564
-0.325733 -0.199556
-0.328010 -0.201518
-0.330096 -0.203503
-0.331622 -0.205195
-0.333386 -0.207323
-0.335648 -0.210182
-0.337260 -0.212581
-0.338800 -0.215146
-0.340019 -0.217543
-0.340982 -0.219848
-0.341789 -0.222249
-0.342399 -0.224653
-0.342566 -0.226305
-0.342581 -0.228305
-0.342397 -0.229933
-0.342043 -0.231470
-0.340683 -0.236052
-0.339919 -0.237041
-0.338507 -0.238581
-0.337325 -0.239591
-0.335439 -0.241036
-0.333595 -0.242210
-0.331828 -0.243094
-0.329493 -0.244101
-0.327044 -0.244966
-0.324393 -0.245724
-0.321663 -0.246328
-0.319252 -0.246657
-0.316595 -0.246874
-0.314386 -0.246871
-0.312283 -0.246716
-0.310111 -0.246418
-0.307377 -0.245940
-0.304874 -0.245347
-0.302335 -0.244608
-0.299865 -0.243748
-0.297124 -0.242675
-0.294432 -0.241483
-0.292009 -0.240252
-0.289300 -0.238759
-0.286546 -0.237107
-0.284148 -0.235494
-0.281937 -0.233847
-0.280358 -0.232468
-0.278033 -0.230333
-0.276222 -0.228445
-0.274860 -0.226795
-0.273279 -0.224702
-0.272214 -0.223015
-0.271175 -0.221110
-0.270076 -0.218826
-0.269097 -0.216434
-0.268397 -0.214263
-0.268086 -0.212702
-0.267906 -0.211024
-0.267824 -0.209084
-0.267935 -0.207895
-0.268208 -0.206256
-0.268591 -0.204760
-0.269024 -0.203665
-0.269776 -0.202054
-0.270837 -0.200095
-0.272345 -0.197606
67
-0.625845 -0.052761
-0.626181 -0.050611
-0.626731 -0.048023
-0.627411 -0.046615
-0.628684 -0.044779
-0.630091 -0.043309
-0.631254 -0.042779
-0.633499 -0.042049
-0.636477 -0.041349
-0.639324 -0.041127
-0.643237 -0.040771
-0.644500 -0.041392
-0.645874 -0.042376
-0.648969 -0.044341
-0.650718 -0.045915
-0.652237 -0.047533
-0.653939 -0.049514
-0.655140 -0.051169
-0.656558 -0.053277
-0.657490 -0.054901
-0.658483 -0.056813
-0.660250 -0.060180
-0.660825 -0.061696
-0.661407 -0.063469
-0.662281 -0.066248
-0.662855 -0.068416
-0.663141 -0.069888
-0.663418 -0.071755
-0.663859 -0.075068
-0.664028 -0.077705
-0.664094 -0.080793
-0.663935 -0.083298
-0.663587 -0.085841
-0.663085 -0.087948
-0.662485 -0.089397
-0.661412 -0.091462
-0.660269 -0.093090
-0.659220 -0.094100
-0.658172 -0.094711
-0.655841 -0.096037
-0.653941 -0.096653
-0.652228 -0.096804
-0.649984 -0.096754
-0.647647 -0.096455
-0.646255 -0.095934
-0.644631 -0.095098
-0.642338 -0.093829
-0.640521 -0.092589
-0.639405 -0.091609
-0.638533 -0.090663
-0.637278 -0.089201
-0.635786 -0.087340
-0.634558 -0.085600
-0.633496 -0.083889
-0.632468 -0.082036
-0.631074 -0.079409
-0.630011 -0.077145
-0.629332 -0.075416
-0.628518 -0.073133
-0.627773 -0.070782
-0.627124 -0.068414
-0.626527 -0.065884
-0.626080 -0.063546
-0.625900 -0.061995
-0.625811 -0.060357
-0.625757 -0.057957
-0.625812 -0.055188
305
0.861357 0.086664
0.859892 0.087071
0.858072 0.087412
0.856144 0.087631
0.853024 0.087566
0.850240 0.087201
0.847948 0.086582
0.845943 0.085844
0.844665 0.085170
0.842741 0.084037
0.839777 0.082264
0.838826 0.081297
0.836800 0.079155
0.835271 0.077324
0.833795 0.075400
0.832488 0.073545
0.830964 0.071291
0.829435 0.068943
0.827752 0.066317
0.826264 0.063942
0.824761 0.061536
0.823311 0.059232
0.821956 0.057115
0.820767 0.055304
0.819928 0.054084
0.818617 0.052221
0.817832 0.051169
0.816601 0.049568
0.815188 0.047780
0.814023 0.046374
0.812805 0.044965
0.810839 0.042719
0.808762 0.040402
0.806675 0.038133
0.805285 0.036711
0.803301 0.034718
0.801284 0.032740
0.799070 0.030611
0.797005 0.028681
0.794829 0.026688
0.792332 0.024438
0.789697 0.022105
0.787058 0.019817
0.784812 0.017934
0.782889 0.016382
0.780490 0.014488
0.778037 0.012607
0.775689 0.010870
0.773191 0.009081
0.770593 0.007285
0.768468 0.005904
0.766295 0.004562
0.764225 0.003358
0.762334 0.002332
0.760695 0.001513
0.759125 0.000794
0.757407 0.000066
0.755303 -0.000773
0.753758 -0.001317
0.752295 -0.001765
0.750172 -0.002373
0.747363 -0.003130
0.745463 -0.003548
0.743965 -0.003805
0.742238 -0.004046
0.739260 -0.004440
0.736486 -0.004731
0.733346 -0.005006
0.730967 -0.005126
0.728767 -0.005176
0.726959 -0.005160
0.724554 -0.005105
0.721552 -0.005014
0.718527 -0.004890
0.715994 -0.004752
0.713874 -0.004615
0.712193 -0.004493
0.710223 -0.004347
0.708948 -0.004250
0.707772 -0.004164
0.706217 -0.004059
0.703675 -0.003901
0.701279 -0.003776
0.699154 -0.003692
0.697392 -0.003653
0.695760 -0.003649
0.693088 -0.003663
0.691020 -0.003716
0.689187 -0.003800
0.687701 -0.003903
0.685530 -0.004076
0.683099 -0.004295
0.681156 -0.004505
0.679490 -0.004714
0.677671 -0.004962
0.676098 -0.005195
0.674672 -0.005423
0.672364 -0.005792
0.669962 -0.006185
0.667184 -0.006641
0.664870 -0.007022
0.662833 -0.007353
0.660451 -0.007732
0.657658 -0.008164
0.655187 -0.008528
0.652391 -0.008920
0.649336 -0.009328
0.646376 -0.009695
0.643832 -0.009978
0.641482 -0.010210
0.639123 -0.010416
0.636768 -0.010595
0.634296 -0.010758
0.631147 -0.010950
0.628222 -0.011104
0.625569 -0.011222
0.623351 -0.011301
0.620607 -0.011393
0.617651 -0.011490
0.614896 -0.011582
0.612060 -0.011687
0.609217 -0.011813
0.606618 -0.011960
0.604201 -0.012141
0.601786 -0.012376
0.599491 -0.012672
0.596786 -0.013105
0.594045 -0.013657
0.591436 -0.014331
0.588909 -0.015154
0.587072 -0.015988
0.585011 -0.017147
0.583188 -0.018438
0.581986 -0.019592
0.581272 -0.020610
0.580502 -0.022021
0.579932 -0.023492
0.579687 -0.024812
0.579093 -0.027758
0.579138 -0.029499
0.579444 -0.030842
0.579972 -0.032312
0.580805 -0.034233
0.581890 -0.036313
0.582973 -0.037910
0.584142 -0.039301
0.585777 -0.041077
0.587543 -0.042794
0.589178 -0.044167
0.591050 -0.045594
0.593202 -0.047123
0.595499 -0.048647
0.597684 -0.049982
0.600021 -0.051331
0.602136 -0.052467
0.603822 -0.053295
0.606038 -0.054341
0.608098 -0.055264
0.609467 -0.055825
0.611260 -0.056528
0.613324 -0.057309
0.615946 -0.058278
0.618546 -0.059205
0.621634 -0.060285
0.624455 -0.061239
0.627352 -0.062194
0.630302 -0.063142
0.632559 -0.063835
0.635266 -0.064647
0.637717 -0.065358
0.639372 -0.065808
0.642026 -0.066512
0.644963 -0.067271
0.647902 -0.068001
0.650390 -0.068583
0.653130 -0.069197
0.655442 -0.069678
0.657264 -0.070021
0.659706 -0.070453
0.662458 -0.070910
0.665415 -0.071366
0.668521 -0.071808
0.671615 -0.072205
0.674324 -0.072503
0.676585 -0.072700
0.678851 -0.072856
0.681017 -0.072960
0.683506 -0.073042
0.686934 -0.073128
0.689711 -0.073132
0.692303 -0.073085
0.695024 -0.072991
0.697502 -0.072853
0.700640 -0.072645
0.702742 -0.072437
0.704889 -0.072179
0.707621 -0.071818
0.710356 -0.071413
0.713179 -0.070953
0.715425 -0.070532
0.718018 -0.070011
0.720978 -0.069383
0.723526 -0.068795
0.725978 -0.068189
0.729582 -0.067284
0.732517 -0.066494
0.735243 -0.065722
0.737719 -0.064984
0.739845 -0.064313
0.743152 -0.063256
0.745940 -0.062322
0.748538 -0.061417
0.750802 -0.060593
0.752982 -0.059768
0.755325 -0.058853
0.757077 -0.058131
0.759570 -0.057079
0.762079 -0.055989
0.764857 -0.054751
0.767790 -0.053412
0.770532 -0.052120
0.772661 -0.051069
0.775036 -0.049865
0.777544 -0.048561
0.779836 -0.047332
0.782196 -0.046036
0.784263 -0.044866
0.786202 -0.043739
0.787982 -0.042678
0.790314 -0.041273
0.792655 -0.039844
0.795041 -0.038374
0.797433 -0.036888
0.799849 -0.035381
0.802357 -0.033813
0.804637 -0.032388
0.807031 -0.030895
0.809149 -0.029578
0.811134 -0.028350
0.812738 -0.027363
0.813931 -0.026634
0.815699 -0.025555
0.817740 -0.024311
0.819068 -0.023501
0.820825 -0.022426
0.822248 -0.021548
0.824138 -0.020370
0.825880 -0.019266
0.827958 -0.017927
0.830449 -0.016292
0.832225 -0.015076
0.834425 -0.013527
0.836553 -0.011974
0.838670 -0.010372
0.839940 -0.009331
0.841544 -0.007954
0.843388 -0.006315
0.845083 -0.004729
0.846804 -0.003044
0.848252 -0.001539
0.849665 0.000001
0.850602 0.001098
0.851432 0.002138
0.852841 0.003928
0.854841 0.006498
0.856005 0.008123
0.857500 0.010265
0.859350 0.012956
0.860908 0.015304
0.862336 0.017521
0.863582 0.019516
0.864428 0.020928
0.865123 0.022137
0.865736 0.023247
0.866853 0.025301
0.868524 0.028411
0.869960 0.031190
0.871276 0.033846
0.872395 0.036234
0.873377 0.038468
0.874194 0.040485
0.875047 0.042755
0.875821 0.045019
0.876561 0.047420
0.877221 0.049853
0.877681 0.051936
0.878005 0.053867
0.878271 0.056011
0.878432 0.058134
0.878462 0.060022
0.878377 0.061845
0.878171 0.064137
0.877846 0.066331
0.877414 0.068301
0.876889 0.070082
0.876319 0.071558
0.875625 0.073010
0.874609 0.074890
0.872828 0.078079
0.871636 0.079589
0.870556 0.080691
0.869468 0.081587
0.867096 0.083550
0.865411 0.084616
0.863777 0.085421
82
0.933339 0.104052
0.932723 0.105905
0.931813 0.108360
0.930850 0.110459
0.929704 0.112656
0.928310 0.115137
0.927159 0.116888
0.925814 0.118778
0.924342 0.120718
0.922950 0.122415
0.920859 0.124927
0.919142 0.126852
0.917257 0.128896
0.915260 0.131002
0.913256 0.133056
0.911262 0.135050
0.909720 0.136538
0.908292 0.137874
0.906156 0.139859
0.903926 0.141904
0.901695 0.143923
0.900013 0.145410
0.897779 0.147369
0.895712 0.149158
0.893388 0.151152
0.891176 0.153027
0.889328 0.154569
0.887308 0.156235
0.884884 0.158216
0.882318 0.160291
0.879863 0.162243
0.877391 0.164157
0.874924 0.165945
0.872250 0.167586
0.869152 0.168656
0.866070 0.169141
0.866632 0.165922
0.867477 0.163536
0.868697 0.160632
0.870139 0.158384
0.871748 0.156256
0.873547 0.154027
0.875178 0.152177
0.876861 0.150328
0.878687 0.148330
0.880611 0.146210
0.882401 0.144207
0.884147 0.142207
0.886091 0.139925
0.888036 0.137573
0.890168 0.134927
0.892073 0.132465
0.893748 0.130198
0.895409 0.127865
0.897166 0.125320
0.899168 0.122364
0.900716 0.119962
0.902227 0.117548
0.903873 0.114881
0.905442 0.112299
0.906828 0.109997
0.908299 0.107571
0.910031 0.104773
0.911618 0.102300
0.912914 0.100431
0.914541 0.098255
0.916420 0.095974
0.918436 0.093841
0.920629 0.091890
0.922778 0.090415
0.924521 0.089617
0.925717 0.089435
0.927251 0.089482
0.929166 0.089772
0.930190 0.090308
0.931660 0.091350
0.932361 0.092299
0.932800 0.093524
0.933662 0.095839
0.933798 0.097419
0.933671 0.099283
0.933444 0.102348
