78
2127
-0.151585 0.911697
-0.153759 0.911827
-0.155366 0.910929
-0.156068 0.909054
-0.155259 0.905595
-0.152545 0.899113
-0.149095 0.891521
-0.145325 0.884079
-0.143939 0.881419
-0.142143 0.879214
-0.141163 0.876844
-0.142639 0.874383
-0.144789 0.873235
-0.146147 0.876366
-0.147021 0.879272
-0.148066 0.882230
-0.149089 0.885154
-0.150143 0.888124
-0.151199 0.891013
-0.155148 0.898483
-0.155616 0.899282
-0.156420 0.900704
-0.157900 0.903478
-0.159260 0.906154
-0.160563 0.908724
-0.161870 0.911179
-0.163245 0.913511
-0.164749 0.915713
-0.166445 0.917776
-0.168396 0.919693
-0.170663 0.921455
-0.175181 0.924049
-0.177680 0.925384
-0.180175 0.926724
-0.182667 0.928070
-0.185157 0.929420
-0.187643 0.930775
-0.190127 0.932135
-0.192609 0.933500
-0.195088 0.934869
-0.197564 0.936242
-0.200039 0.937619
-0.202512 0.939000
-0.204983 0.940385
-0.207452 0.941773
-0.209920 0.943165
-0.212387 0.944560
-0.214852 0.945958
-0.217317 0.947360
-0.219780 0.948764
-0.222243 0.950171
-0.224705 0.951580
-0.227167 0.952992
-0.229628 0.954405
-0.232090 0.955821
-0.234551 0.957239
-0.237013 0.958659
-0.239474 0.960080
-0.241936 0.961503
-0.244399 0.962926
-0.246863 0.964351
-0.249327 0.965777
-0.251793 0.967204
-0.254259 0.968632
-0.256727 0.970059
-0.259196 0.971488
-0.261667 0.972916
-0.264140 0.974345
-0.266615 0.975773
-0.269092 0.977201
-0.271571 0.978629
-0.274052 0.980056
-0.276536 0.981482
-0.279022 0.982908
-0.281511 0.984332
-0.286375 0.987103
-0.288973 0.988359
-0.291790 0.989538
-0.294636 0.990636
-0.297428 0.991671
-0.300481 0.992531
-0.301856 0.992888
-0.304622 0.993492
-0.307407 0.993953
-0.310205 0.994272
-0.313009 0.994449
-0.315814 0.994486
-0.318614 0.994383
-0.321402 0.994140
-0.324172 0.993760
-0.326918 0.993242
-0.329635 0.992587
-0.332316 0.991797
-0.334956 0.990872
-0.337547 0.989813
-0.340085 0.988621
-0.342562 0.987296
-0.344973 0.985840
-0.347313 0.984254
-0.349574 0.982537
-0.351751 0.980692
-0.353837 0.978719
-0.357727 0.973569
-0.360370 0.971979
-0.363878 0.971706
-0.366694 0.971980
-0.369634 0.972492
-0.372457 0.973544
-0.374820 0.975155
-0.376926 0.977262
-0.380505 0.981968
-0.383728 0.986858
-0.384225 0.988154
-0.385143 0.990867
-0.386176 0.993753
-0.387407 0.996462
-0.388916 0.998640
-0.390784 0.999937
-0.399540 0.997640
-0.406385 0.994718
-0.419715 0.987879
-0.433183 0.980887
-0.446625 0.973714
-0.459875 0.966329
-0.465481 0.961791
-0.471176 0.956886
-0.473198 0.954771
-0.475577 0.952591
-0.476774 0.949999
-0.491848 0.886885
-0.505162 0.821413
-0.505279 0.812157
-0.505329 0.809694
-0.505389 0.806517
-0.505459 0.803375
-0.505538 0.800267
-0.505630 0.797192
-0.505735 0.794150
-0.505855 0.791138
-0.505991 0.788158
-0.506144 0.785206
-0.506316 0.782284
-0.506508 0.779389
-0.506721 0.776521
-0.506958 0.773679
-0.507218 0.770862
-0.507504 0.768069
-0.507818 0.765299
-0.508159 0.762552
-0.508530 0.759826
-0.508932 0.757121
-0.509366 0.754435
-0.509834 0.751769
-0.510338 0.749120
-0.510877 0.746488
-0.511455 0.743872
-0.512071 0.741271
-0.512729 0.738685
-0.513428 0.736112
-0.514170 0.733551
-0.514957 0.731002
-0.515790 0.728464
-0.516670 0.725935
-0.517599 0.723416
-0.518578 0.720904
-0.519609 0.718399
-0.520692 0.715901
-0.521829 0.713408
-0.523022 0.710919
-0.524272 0.708434
-0.525580 0.705952
-0.526948 0.703471
-0.528376 0.700991
-0.529867 0.698511
-0.531422 0.696030
-0.533041 0.693547
-0.534727 0.691061
-0.536481 0.688572
-0.538304 0.686078
-0.541320 0.682095
-0.542638 0.679296
-0.543606 0.676168
-0.545591 0.668838
-0.547473 0.661455
-0.547880 0.658133
-0.547021 0.655399
-0.545481 0.652865
-0.543533 0.650334
-0.541217 0.647640
-0.538847 0.645699
-0.536500 0.644498
-0.536046 0.644296
-0.534962 0.643799
-0.532806 0.642581
-0.530677 0.641085
-0.528592 0.639337
-0.526568 0.637366
-0.524621 0.635198
-0.522767 0.632859
-0.521023 0.630378
-0.519403 0.627779
-0.517926 0.625091
-0.516607 0.622341
-0.515462 0.619555
-0.514507 0.616760
-0.513759 0.613982
-0.513234 0.611250
-0.512949 0.608590
-0.512919 0.606028
-0.513495 0.601559
-0.513987 0.598808
-0.514515 0.596069
-0.515081 0.593344
-0.515687 0.590634
-0.516334 0.587939
-0.520171 0.578381
-0.523507 0.568046
-0.523969 0.566376
-0.524517 0.563242
-0.524631 0.560241
-0.524391 0.557203
-0.519849 0.522132
-0.516021 0.489987
-0.515688 0.486488
-0.515468 0.482653
-0.515516 0.478502
-0.515937 0.474980
-0.516519 0.472144
-0.525017 0.444492
-0.535747 0.418103
-0.535816 0.417925
-0.536333 0.416610
-0.537260 0.414246
-0.538489 0.411115
-0.539909 0.407494
-0.541412 0.403664
-0.542887 0.399904
-0.544226 0.396493
-0.545318 0.393710
-0.546053 0.391836
-0.546578 0.390498
-0.554090 0.362481
-0.556506 0.333576
-0.553694 0.304693
-0.544192 0.268023
-0.542608 0.264160
-0.542047 0.262806
-0.540832 0.260092
-0.539516 0.257369
-0.538123 0.254641
-0.536682 0.251907
-0.535218 0.249168
-0.533757 0.246426
-0.532325 0.243681
-0.530950 0.240935
-0.529657 0.238189
-0.528473 0.235444
-0.527424 0.232700
-0.526537 0.229960
-0.525837 0.227223
-0.525351 0.224492
-0.525105 0.221767
-0.525127 0.219049
-0.525441 0.216339
-0.526074 0.213639
-0.528205 0.208897
-0.530195 0.206201
-0.532382 0.203519
-0.536228 0.199222
-0.540130 0.194921
-0.542147 0.192835
-0.543939 0.191076
-0.549330 0.186508
-0.554905 0.182110
-0.561649 0.179126
-0.568838 0.176342
-0.571726 0.175317
-0.574619 0.174319
-0.577698 0.173410
-0.585543 0.171506
-0.593424 0.169807
-0.596947 0.170275
-0.603863 0.171628
-0.610479 0.173537
-0.618127 0.176883
-0.624978 0.181472
-0.637868 0.207751
-0.640635 0.214111
-0.641147 0.214990
-0.642392 0.216350
-0.643902 0.217326
-0.645639 0.218091
-0.648799 0.219291
-0.654614 0.222381
-0.660517 0.225966
-0.662857 0.227408
-0.665385 0.229620
-0.667841 0.232001
-0.668994 0.234868
-0.672306 0.236374
-0.676178 0.237768
-0.678675 0.237733
-0.681818 0.236831
-0.684223 0.235589
-0.685815 0.237285
-0.685006 0.239860
-0.682462 0.247680
-0.679851 0.255457
-0.677308 0.263213
-0.676932 0.264639
-0.676244 0.267480
-0.675816 0.270266
-0.675859 0.272954
-0.676584 0.275499
-0.678212 0.277866
-0.684432 0.283887
-0.686951 0.284485
-0.689776 0.284206
-0.691963 0.283468
-0.701288 0.279124
-0.710584 0.274418
-0.712844 0.272414
-0.715203 0.270141
-0.717545 0.267798
-0.719095 0.265149
-0.720170 0.261964
-0.721102 0.258778
-0.722278 0.254518
-0.723420 0.250246
-0.726057 0.236094
-0.726180 0.234695
-0.726425 0.231897
-0.726667 0.229097
-0.726904 0.226296
-0.727136 0.223494
-0.727362 0.220690
-0.727580 0.217884
-0.727790 0.215078
-0.727991 0.212271
-0.728181 0.209463
-0.728360 0.206654
-0.728527 0.203844
-0.728680 0.201034
-0.728819 0.198223
-0.728943 0.195412
-0.729051 0.192600
-0.729141 0.189788
-0.729213 0.186977
-0.729265 0.184165
-0.729298 0.181353
-0.729309 0.178541
-0.729298 0.175730
-0.729264 0.172919
-0.729205 0.170108
-0.729121 0.167298
-0.729011 0.164489
-0.728868 0.161436
-0.728798 0.158369
-0.729043 0.147336
-0.727168 0.136772
-0.725927 0.134330
-0.724821 0.135125
-0.723283 0.136073
-0.720480 0.138402
-0.718101 0.140355
-0.716215 0.140788
-0.714355 0.136467
-0.713624 0.133705
-0.712879 0.130944
-0.712118 0.128184
-0.711344 0.125426
-0.710556 0.122669
-0.709756 0.119913
-0.708943 0.117158
-0.708118 0.114404
-0.707281 0.111652
-0.706434 0.108900
-0.705577 0.106150
-0.704710 0.103400
-0.703834 0.100651
-0.702949 0.097903
-0.702056 0.095155
-0.701156 0.092408
-0.700248 0.089661
-0.699335 0.086915
-0.698415 0.084170
-0.697490 0.081424
-0.696560 0.078679
-0.695626 0.075935
-0.694688 0.073190
-0.693747 0.070445
-0.692803 0.067701
-0.691857 0.064956
-0.690910 0.062211
-0.689961 0.059467
-0.689012 0.056721
-0.688063 0.053976
-0.687115 0.051230
-0.686168 0.048484
-0.685222 0.045737
-0.684279 0.042990
-0.683339 0.040242
-0.682401 0.037494
-0.681468 0.034744
-0.680539 0.031994
-0.679615 0.029243
-0.678697 0.026492
-0.677784 0.023739
-0.676878 0.020985
-0.675979 0.018230
-0.675088 0.015473
-0.674205 0.012716
-0.673331 0.009957
-0.672466 0.007197
-0.671611 0.004435
-0.671456 0.003930
-0.671247 0.002683
-0.671757 0.000265
-0.673248 -0.001919
-0.675410 -0.003716
-0.677934 -0.004969
-0.680609 -0.005530
-0.683217 -0.004670
-0.685100 -0.002718
-0.687050 -0.001856
-0.687747 -0.004351
-0.689578 -0.012418
-0.690951 -0.020525
-0.689052 -0.024710
-0.686564 -0.029121
-0.683092 -0.032170
-0.681736 -0.033129
-0.679136 -0.035055
-0.676684 -0.036994
-0.674376 -0.038953
-0.672208 -0.040937
-0.670175 -0.042951
-0.668275 -0.045001
-0.666502 -0.047093
-0.664852 -0.049231
-0.663323 -0.051422
-0.661910 -0.053671
-0.660608 -0.055983
-0.659414 -0.058365
-0.658324 -0.060821
-0.657334 -0.063357
-0.656440 -0.065978
-0.655638 -0.068691
-0.654924 -0.071500
-0.654294 -0.074412
-0.653744 -0.077430
-0.653270 -0.080563
-0.652869 -0.083813
-0.650208 -0.122708
-0.642688 -0.192219
-0.640920 -0.199439
-0.638749 -0.207121
-0.636367 -0.214990
-0.633963 -0.222770
-0.633317 -0.224298
-0.632756 -0.225579
-0.631533 -0.228060
-0.630181 -0.230434
-0.628705 -0.232705
-0.627110 -0.234879
-0.625402 -0.236958
-0.624618 -0.237818
-0.623693 -0.238702
-0.621493 -0.240087
-0.618927 -0.240961
-0.616119 -0.241330
-0.613193 -0.241197
-0.610270 -0.240565
-0.607474 -0.239439
-0.604250 -0.237191
-0.602966 -0.235887
-0.601311 -0.233742
-0.600331 -0.232621
-0.598985 -0.230082
-0.598180 -0.227251
-0.597583 -0.224250
-0.594941 -0.213925
-0.594629 -0.210976
-0.594585 -0.208498
-0.594754 -0.205528
-0.595945 -0.202729
-0.597415 -0.200211
-0.596737 -0.198119
-0.594870 -0.196527
-0.591859 -0.195964
-0.589245 -0.195917
-0.584331 -0.199988
-0.579189 -0.204965
-0.577998 -0.207342
-0.577725 -0.209927
-0.578641 -0.217336
-0.581637 -0.224184
-0.582336 -0.225880
-0.583516 -0.228706
-0.584405 -0.230994
-0.585005 -0.233008
-0.585316 -0.235012
-0.585339 -0.237269
-0.585074 -0.240044
-0.584523 -0.243598
-0.584240 -0.246826
-0.584136 -0.247782
-0.584160 -0.249952
-0.584279 -0.253692
-0.584282 -0.256733
-0.583916 -0.259194
-0.582927 -0.261195
-0.581062 -0.262858
-0.575915 -0.265111
-0.573094 -0.266164
-0.570281 -0.267213
-0.567480 -0.268263
-0.564697 -0.269317
-0.561937 -0.270379
-0.559207 -0.271455
-0.556510 -0.272547
-0.553854 -0.273661
-0.551243 -0.274800
-0.547558 -0.276488
-0.546075 -0.278358
-0.544332 -0.280778
-0.542745 -0.283528
-0.541471 -0.286326
-0.540353 -0.288844
-0.540849 -0.295116
-0.542578 -0.301556
-0.543025 -0.302875
-0.543826 -0.305768
-0.544445 -0.308902
-0.544818 -0.312157
-0.544880 -0.315412
-0.544566 -0.318548
-0.543811 -0.321444
-0.542550 -0.323982
-0.540717 -0.326041
-0.536802 -0.328075
-0.534207 -0.329060
-0.531568 -0.330015
-0.528882 -0.330944
-0.526148 -0.331848
-0.523366 -0.332728
-0.520534 -0.333586
-0.517650 -0.334423
-0.514715 -0.335241
-0.511725 -0.336042
-0.508681 -0.336826
-0.505582 -0.337596
-0.502425 -0.338353
-0.499209 -0.339098
-0.495934 -0.339833
-0.493178 -0.340055
-0.490104 -0.339603
-0.490011 -0.339562
-0.489398 -0.339288
-0.488516 -0.338895
-0.487724 -0.338541
-0.487380 -0.338388
-0.485381 -0.336771
-0.482954 -0.335230
-0.480748 -0.332900
-0.478811 -0.330628
-0.477292 -0.328316
-0.475680 -0.325640
-0.474355 -0.322582
-0.473669 -0.319657
-0.473454 -0.316206
-0.473138 -0.313047
-0.473547 -0.309855
-0.475132 -0.302801
-0.475192 -0.301234
-0.475655 -0.298466
-0.476382 -0.296164
-0.477140 -0.294302
-0.477700 -0.292853
-0.478581 -0.289970
-0.479738 -0.287224
-0.487408 -0.264891
-0.490937 -0.242714
-0.490050 -0.219217
-0.489707 -0.216563
-0.487355 -0.215895
-0.481513 -0.215281
-0.475642 -0.215712
-0.454176 -0.221717
-0.431961 -0.228500
-0.409848 -0.235680
-0.392702 -0.244091
-0.385162 -0.249130
-0.378451 -0.255099
-0.376434 -0.257447
-0.372683 -0.262384
-0.369741 -0.266316
-0.367000 -0.270362
-0.365878 -0.272960
-0.361823 -0.285260
-0.357885 -0.297784
-0.357120 -0.300911
-0.356583 -0.304066
-0.356169 -0.307356
-0.356129 -0.310686
-0.356748 -0.313899
-0.357884 -0.316858
-0.359343 -0.319308
-0.361121 -0.321330
-0.363224 -0.322989
-0.365591 -0.324472
-0.366794 -0.325201
-0.369259 -0.326594
-0.371791 -0.327916
-0.374374 -0.329184
-0.376993 -0.330412
-0.379633 -0.331619
-0.382277 -0.332819
-0.384910 -0.334030
-0.387518 -0.335267
-0.390083 -0.336547
-0.392592 -0.337886
-0.395028 -0.339301
-0.397376 -0.340807
-0.399621 -0.342421
-0.401747 -0.344159
-0.403738 -0.346038
-0.405579 -0.348073
-0.427907 -0.363232
-0.448296 -0.376458
-0.455932 -0.381613
-0.464580 -0.387538
-0.468332 -0.390127
-0.468529 -0.390351
-0.469823 -0.391823
-0.471686 -0.393942
-0.473359 -0.395845
-0.475134 -0.397772
-0.477049 -0.400069
-0.478726 -0.402480
-0.480173 -0.404996
-0.481398 -0.407606
-0.482407 -0.410299
-0.483210 -0.413065
-0.483674 -0.415243
-0.483928 -0.416620
-0.484361 -0.419376
-0.484697 -0.422136
-0.484940 -0.424901
-0.485095 -0.427670
-0.485169 -0.430442
-0.485165 -0.433218
-0.485088 -0.435997
-0.484945 -0.438779
-0.484739 -0.441564
-0.484477 -0.444351
-0.484162 -0.447141
-0.483801 -0.449933
-0.483398 -0.452727
-0.482958 -0.455523
-0.482486 -0.458320
-0.481988 -0.461119
-0.481468 -0.463919
-0.480932 -0.466719
-0.480384 -0.469520
-0.479830 -0.472322
-0.479275 -0.475124
-0.478723 -0.477925
-0.478180 -0.480727
-0.477651 -0.483528
-0.477141 -0.486328
-0.476655 -0.489128
-0.476198 -0.491926
-0.475775 -0.494723
-0.475392 -0.497519
-0.475053 -0.500313
-0.474763 -0.503104
-0.472107 -0.525734
-0.470416 -0.530078
-0.468493 -0.534618
-0.466966 -0.537988
-0.465297 -0.540704
-0.463637 -0.543435
-0.461932 -0.545907
-0.459206 -0.546882
-0.456783 -0.545275
-0.449666 -0.532505
-0.450120 -0.516516
-0.449555 -0.514528
-0.448470 -0.510848
-0.447414 -0.507556
-0.446351 -0.504646
-0.445247 -0.502110
-0.444067 -0.499943
-0.442776 -0.498138
-0.441338 -0.496689
-0.439720 -0.495589
-0.437885 -0.494833
-0.435800 -0.494413
-0.433428 -0.494323
-0.430736 -0.494557
-0.427688 -0.495108
-0.424250 -0.495970
-0.420385 -0.497137
-0.405898 -0.501206
-0.404526 -0.501587
-0.401822 -0.502423
-0.399169 -0.503353
-0.396567 -0.504374
-0.394012 -0.505483
-0.391504 -0.506675
-0.389040 -0.507947
-0.388745 -0.508112
-0.387397 -0.508914
-0.385130 -0.510702
-0.383394 -0.512714
-0.382141 -0.514923
-0.381321 -0.517305
-0.380886 -0.519834
-0.380787 -0.522484
-0.380974 -0.525231
-0.381398 -0.528049
-0.382011 -0.530912
-0.382763 -0.533795
-0.383606 -0.536673
-0.384556 -0.539703
-0.387429 -0.546826
-0.390482 -0.554086
-0.393286 -0.561675
-0.394119 -0.564243
-0.392975 -0.567051
-0.391125 -0.569572
-0.389409 -0.572022
-0.387979 -0.573944
-0.384706 -0.572242
-0.381124 -0.569207
-0.376916 -0.563694
-0.372673 -0.557729
-0.368745 -0.551435
-0.367127 -0.548595
-0.366561 -0.547684
-0.365318 -0.545964
-0.362863 -0.543255
-0.360462 -0.541464
-0.358133 -0.540517
-0.355891 -0.540339
-0.353752 -0.540859
-0.351732 -0.542001
-0.349847 -0.543695
-0.348113 -0.545865
-0.346547 -0.548438
-0.345165 -0.551342
-0.343981 -0.554503
-0.343014 -0.557847
-0.342277 -0.561301
-0.341789 -0.564792
-0.341564 -0.568247
-0.341619 -0.571592
-0.341969 -0.574754
-0.342631 -0.577660
-0.344001 -0.581152
-0.343732 -0.589009
-0.341626 -0.590021
-0.336080 -0.592213
-0.330431 -0.594095
-0.327787 -0.593444
-0.326425 -0.593046
-0.323685 -0.592228
-0.320926 -0.591401
-0.318153 -0.590588
-0.315373 -0.589815
-0.312592 -0.589105
-0.309814 -0.588484
-0.307047 -0.587975
-0.304296 -0.587603
-0.301566 -0.587393
-0.298865 -0.587368
-0.296196 -0.587554
-0.293567 -0.587974
-0.290983 -0.588653
-0.288450 -0.589616
-0.285974 -0.590887
-0.283561 -0.592490
-0.281216 -0.594450
-0.278945 -0.596791
-0.276384 -0.599653
-0.274173 -0.601428
-0.271253 -0.601674
-0.267348 -0.601615
-0.264445 -0.600483
-0.263225 -0.599737
-0.260844 -0.598071
-0.258522 -0.596230
-0.256236 -0.594286
-0.253961 -0.592308
-0.251673 -0.590366
-0.249348 -0.588529
-0.246961 -0.586867
-0.244489 -0.585451
-0.241908 -0.584350
-0.238111 -0.583443
-0.235255 -0.582881
-0.232421 -0.582266
-0.229612 -0.581599
-0.226832 -0.580879
-0.224084 -0.580107
-0.221371 -0.579282
-0.218697 -0.578406
-0.216065 -0.577478
-0.213477 -0.576499
-0.211273 -0.574767
-0.210191 -0.572322
-0.211985 -0.570283
-0.214282 -0.569190
-0.216543 -0.570185
-0.218270 -0.569007
-0.218677 -0.567515
-0.219460 -0.564578
-0.220167 -0.561692
-0.220762 -0.558843
-0.221206 -0.556018
-0.221462 -0.553204
-0.221493 -0.550386
-0.221262 -0.547552
-0.220729 -0.544688
-0.219859 -0.541781
-0.218766 -0.538560
-0.217883 -0.537269
-0.216080 -0.534777
-0.214226 -0.532404
-0.212321 -0.530145
-0.210364 -0.527998
-0.208354 -0.525959
-0.206291 -0.524025
-0.204175 -0.522191
-0.202005 -0.520455
-0.199781 -0.518813
-0.197502 -0.517262
-0.195167 -0.515798
-0.192777 -0.514417
-0.190330 -0.513117
-0.187827 -0.511894
-0.185267 -0.510743
-0.182649 -0.509663
-0.179972 -0.508649
-0.177238 -0.507697
-0.174444 -0.506806
-0.171590 -0.505970
-0.168676 -0.505186
-0.165702 -0.504451
-0.160229 -0.503228
-0.160019 -0.503204
-0.158479 -0.503033
-0.155750 -0.502730
-0.152197 -0.502335
-0.148187 -0.501889
-0.144085 -0.501433
-0.140258 -0.501008
-0.137071 -0.500654
-0.134891 -0.500412
-0.109652 -0.503903
-0.085514 -0.512528
-0.060819 -0.522014
-0.046875 -0.528597
-0.032725 -0.535526
-0.031146 -0.536312
-0.028196 -0.537804
-0.025505 -0.539200
-0.023049 -0.540515
-0.020805 -0.541762
-0.018750 -0.542956
-0.016860 -0.544111
-0.015111 -0.545240
-0.013480 -0.546360
-0.011944 -0.547482
-0.010478 -0.548623
-0.009060 -0.549795
-0.007667 -0.551013
-0.006273 -0.552292
-0.004857 -0.553645
-0.003395 -0.555086
-0.001862 -0.556630
-0.000236 -0.558292
0.001506 -0.560084
0.003389 -0.562022
0.005436 -0.564119
0.007670 -0.566390
0.010115 -0.568849
0.012795 -0.571510
0.015732 -0.574387
0.018950 -0.577494
0.022473 -0.580847
0.026325 -0.584459
0.061790 -0.627496
0.092604 -0.674360
0.121189 -0.725443
0.122562 -0.728032
0.126316 -0.732659
0.131310 -0.736120
0.133648 -0.737555
0.136035 -0.738479
0.138729 -0.738511
0.141689 -0.737530
0.144125 -0.736311
0.155865 -0.728854
0.167415 -0.720872
0.168909 -0.718826
0.168831 -0.715826
0.167023 -0.700416
0.164951 -0.684887
0.161044 -0.669498
0.160054 -0.666679
0.145268 -0.629470
0.130284 -0.592029
0.130231 -0.591898
0.129827 -0.590911
0.129077 -0.589076
0.128041 -0.586542
0.126779 -0.583456
0.125352 -0.579965
0.123820 -0.576216
0.122242 -0.572357
0.120679 -0.568535
0.119192 -0.564897
0.117840 -0.561590
0.116683 -0.558761
0.115783 -0.556559
0.115199 -0.555129
0.100016 -0.524357
0.083689 -0.494752
0.082514 -0.492298
0.082333 -0.490074
0.110737 -0.495900
0.147428 -0.511495
0.172931 -0.531729
0.223703 -0.584474
0.224643 -0.585507
0.226513 -0.587594
0.228368 -0.589706
0.230209 -0.591844
0.232037 -0.594006
0.233851 -0.596193
0.235652 -0.598402
0.237441 -0.600633
0.239218 -0.602886
0.240824 -0.604955
0.241739 -0.606126
0.243592 -0.608409
0.245476 -0.610620
0.247393 -0.612765
0.249344 -0.614849
0.251329 -0.616879
0.253349 -0.618859
0.255406 -0.620796
0.257501 -0.622696
0.259634 -0.624563
0.261807 -0.626405
0.264020 -0.628226
0.266274 -0.630033
0.268571 -0.631832
0.270912 -0.633627
0.295178 -0.652870
0.317848 -0.674571
0.340064 -0.698381
0.353312 -0.713048
0.355133 -0.715733
0.356347 -0.717619
0.358064 -0.720556
0.359295 -0.723151
0.360067 -0.725502
0.360405 -0.727705
0.360337 -0.729856
0.359888 -0.732052
0.359086 -0.734390
0.357957 -0.736965
0.356527 -0.739876
0.351308 -0.751690
0.350763 -0.754778
0.351211 -0.757806
0.353139 -0.769320
0.354770 -0.777696
0.355828 -0.780549
0.357036 -0.783670
0.358758 -0.786179
0.360455 -0.788262
0.363130 -0.787759
0.370970 -0.783910
0.377118 -0.779567
0.378416 -0.779153
0.381010 -0.778680
0.383597 -0.778642
0.386175 -0.778996
0.388742 -0.779701
0.391297 -0.780711
0.393836 -0.781986
0.396357 -0.783480
0.398860 -0.785153
0.401340 -0.786960
0.403797 -0.788859
0.406228 -0.790806
0.408631 -0.792759
0.411004 -0.794675
0.413344 -0.796510
0.415650 -0.798222
0.417920 -0.799767
0.420150 -0.801104
0.423026 -0.802495
0.425599 -0.803501
0.428253 -0.804391
0.431712 -0.805339
0.434372 -0.806098
0.436984 -0.806947
0.439550 -0.807884
0.440079 -0.808099
0.441341 -0.808575
0.443922 -0.809428
0.446576 -0.810161
0.449296 -0.810783
0.452075 -0.811308
0.454907 -0.811747
0.457787 -0.812111
0.460706 -0.812412
0.463660 -0.812662
0.466642 -0.812872
0.469645 -0.813053
0.472664 -0.813219
0.475691 -0.813379
0.478720 -0.813546
0.481746 -0.813732
0.484761 -0.813948
0.487759 -0.814205
0.490735 -0.814516
0.493681 -0.814892
0.496591 -0.815344
0.499460 -0.815884
0.502279 -0.816524
0.505045 -0.817276
0.507748 -0.818150
0.510385 -0.819160
0.512948 -0.820315
0.515430 -0.821629
0.517362 -0.822825
0.517965 -0.823009
0.519501 -0.822596
0.521174 -0.821503
0.522617 -0.820166
0.524651 -0.817996
0.530965 -0.813119
0.537443 -0.809336
0.549666 -0.804293
0.562382 -0.801850
0.575508 -0.800101
0.578261 -0.800927
0.579841 -0.803338
0.581461 -0.807253
0.582912 -0.811336
0.582765 -0.813998
0.580594 -0.819674
0.578103 -0.825558
0.576552 -0.828324
0.573764 -0.829887
0.570596 -0.831433
0.568344 -0.831852
0.566339 -0.830306
0.564080 -0.829678
0.546178 -0.828099
0.543862 -0.828428
0.539519 -0.829074
0.535628 -0.829711
0.532271 -0.830347
0.529527 -0.830987
0.527477 -0.831640
0.526201 -0.832311
0.525798 -0.833323
0.525859 -0.836184
0.525831 -0.839092
0.525729 -0.842039
0.525568 -0.845018
0.525362 -0.848021
0.525127 -0.851040
0.524879 -0.854067
0.524630 -0.857095
0.524398 -0.860115
0.524197 -0.863120
0.524041 -0.866102
0.523946 -0.869053
0.523927 -0.871966
0.523998 -0.874832
0.524176 -0.877643
0.524474 -0.880393
0.524907 -0.883073
0.525492 -0.885675
0.526242 -0.888191
0.527173 -0.890614
0.528299 -0.892936
0.529636 -0.895148
0.531199 -0.897244
0.534698 -0.900875
0.536763 -0.902828
0.538853 -0.904736
0.540970 -0.906595
0.550614 -0.916339
0.559506 -0.926833
0.563068 -0.930988
0.565073 -0.932359
0.567596 -0.933935
0.569869 -0.935289
0.572627 -0.936207
0.576036 -0.936998
0.579257 -0.937498
0.582418 -0.937733
0.585599 -0.937833
0.589520 -0.937574
0.593488 -0.937232
0.595921 -0.936707
0.597975 -0.934527
0.600103 -0.931993
0.601190 -0.930162
0.603049 -0.924679
0.608145 -0.910141
0.612618 -0.895598
0.616294 -0.878068
0.616612 -0.861256
0.614141 -0.844750
0.609450 -0.828140
0.607145 -0.821918
0.606778 -0.820669
0.606403 -0.818117
0.606459 -0.815509
0.606889 -0.812862
0.607637 -0.810194
0.608644 -0.807521
0.609855 -0.804861
0.611213 -0.802232
0.612659 -0.799651
0.614139 -0.797134
0.615593 -0.794700
0.617174 -0.791990
0.617454 -0.791425
0.618268 -0.790523
0.619314 -0.789854
0.620460 -0.789337
0.624452 -0.789106
0.627239 -0.788071
0.629306 -0.786526
0.630155 -0.782765
0.630799 -0.778488
0.630391 -0.775423
0.629405 -0.772062
0.627291 -0.769725
0.624191 -0.768800
0.619520 -0.767879
0.614730 -0.767146
0.611682 -0.766818
0.608831 -0.767761
0.606117 -0.769346
0.604066 -0.771468
0.603064 -0.774174
0.603041 -0.774910
0.603011 -0.776425
0.602894 -0.777943
0.602561 -0.779398
0.600620 -0.783848
0.600070 -0.785151
0.598659 -0.787673
0.597043 -0.789531
0.595472 -0.790060
0.594197 -0.788593
0.593198 -0.786009
0.591917 -0.783267
0.590502 -0.780412
0.585361 -0.776378
0.579717 -0.772239
0.573691 -0.768030
0.567403 -0.763790
0.560971 -0.759554
0.554516 -0.755358
0.548156 -0.751241
0.536350 -0.748353
0.526253 -0.754755
0.522857 -0.759388
0.522016 -0.760513
0.520037 -0.763197
0.517758 -0.766239
0.515301 -0.769370
0.512782 -0.772321
0.510322 -0.774823
0.508038 -0.776608
0.506050 -0.777408
0.504477 -0.776954
0.503437 -0.774978
0.494535 -0.760190
0.484482 -0.742860
0.483747 -0.741631
0.482294 -0.739163
0.480863 -0.736684
0.479456 -0.734194
0.478070 -0.731693
0.476705 -0.729182
0.475362 -0.726660
0.474039 -0.724129
0.472735 -0.721588
0.471451 -0.719037
0.470185 -0.716477
0.468937 -0.713908
0.467707 -0.711331
0.466494 -0.708745
0.465297 -0.706151
0.464115 -0.703549
0.462950 -0.700940
0.461798 -0.698324
0.460661 -0.695700
0.459537 -0.693070
0.458427 -0.690433
0.457329 -0.687791
0.456242 -0.685142
0.455167 -0.682488
0.454103 -0.679828
0.453049 -0.677163
0.452005 -0.674493
0.450969 -0.671819
0.449943 -0.669141
0.448924 -0.666458
0.447912 -0.663772
0.446908 -0.661082
0.445909 -0.658389
0.444917 -0.655693
0.443929 -0.652995
0.442947 -0.650294
0.441968 -0.647591
0.440992 -0.644886
0.440020 -0.642180
0.439050 -0.639472
0.438082 -0.636764
0.437115 -0.634054
0.436149 -0.631344
0.435182 -0.628634
0.434609 -0.627026
0.434275 -0.626075
0.433581 -0.624000
0.432864 -0.621712
0.432138 -0.619236
0.431417 -0.616591
0.430716 -0.613802
0.430047 -0.610890
0.429426 -0.607877
0.428866 -0.604786
0.428381 -0.601640
0.427986 -0.598460
0.427695 -0.595269
0.427522 -0.592088
0.427480 -0.588942
0.427584 -0.585851
0.427848 -0.582838
0.428286 -0.579925
0.428913 -0.577135
0.429742 -0.574491
0.430787 -0.572013
0.432062 -0.569725
0.433582 -0.567649
0.435361 -0.565807
0.437412 -0.564222
0.439750 -0.562916
0.442390 -0.561911
0.445344 -0.561229
0.448627 -0.560893
0.452254 -0.560926
0.461762 -0.561775
0.471302 -0.562690
0.474189 -0.563104
0.489197 -0.567162
0.504459 -0.571481
0.506959 -0.572223
0.510114 -0.572648
0.513062 -0.572468
0.515899 -0.571174
0.518626 -0.569679
0.520961 -0.567484
0.523061 -0.565228
0.524884 -0.563196
0.525595 -0.562248
0.526663 -0.560619
0.527622 -0.559346
0.528906 -0.558428
0.539584 -0.558220
0.548444 -0.558887
0.557478 -0.561440
0.557858 -0.563866
0.559704 -0.565141
0.561122 -0.563212
0.561072 -0.559334
0.560152 -0.555117
0.558982 -0.552444
0.557379 -0.550990
0.553793 -0.547962
0.543593 -0.540359
0.542392 -0.539652
0.539974 -0.538284
0.537539 -0.536968
0.535090 -0.535693
0.532630 -0.534451
0.530163 -0.533231
0.527691 -0.532023
0.525219 -0.530818
0.522750 -0.529605
0.520286 -0.528374
0.517832 -0.527117
0.515391 -0.525821
0.512965 -0.524479
0.499131 -0.517615
0.496528 -0.516991
0.477332 -0.513454
0.476109 -0.513255
0.473653 -0.512826
0.471185 -0.512359
0.468705 -0.511855
0.466213 -0.511313
0.463710 -0.510735
0.461196 -0.510121
0.458672 -0.509471
0.456137 -0.508787
0.453593 -0.508069
0.451039 -0.507318
0.448476 -0.506534
0.445904 -0.505718
0.443324 -0.504871
0.440736 -0.503992
0.438140 -0.503084
0.435537 -0.502145
0.432926 -0.501178
0.430309 -0.500183
0.427686 -0.499160
0.425057 -0.498109
0.422422 -0.497033
0.419781 -0.495930
0.417136 -0.494803
0.414486 -0.493650
0.411833 -0.492474
0.409175 -0.491275
0.406513 -0.490053
0.403849 -0.488809
0.401182 -0.487543
0.398512 -0.486257
0.395840 -0.484951
0.393167 -0.483625
0.390492 -0.482280
0.387816 -0.480917
0.385139 -0.479536
0.382462 -0.478139
0.379785 -0.476725
0.377108 -0.475295
0.374432 -0.473850
0.371757 -0.472390
0.369083 -0.470917
0.366411 -0.469431
0.363742 -0.467931
0.361074 -0.466420
0.358410 -0.464898
0.355749 -0.463365
0.353821 -0.462291
0.350427 -0.460665
0.347288 -0.459541
0.344413 -0.458941
0.341809 -0.458888
0.339485 -0.459403
0.337450 -0.460508
0.335712 -0.462225
0.334278 -0.464577
0.333158 -0.467586
0.331387 -0.474280
0.331491 -0.478375
0.332044 -0.481398
0.333210 -0.483734
0.333867 -0.484876
0.335451 -0.486967
0.337346 -0.488817
0.339496 -0.490447
0.341847 -0.491880
0.344342 -0.493138
0.346925 -0.494242
0.349540 -0.495215
0.352132 -0.496078
0.355154 -0.495893
0.357224 -0.494823
0.359643 -0.490665
0.362080 -0.485971
0.363242 -0.483217
0.365107 -0.483904
0.364715 -0.486918
0.363559 -0.489895
0.362189 -0.492316
0.359099 -0.495749
0.355231 -0.499384
0.351173 -0.502820
0.350046 -0.504183
0.349080 -0.507014
0.349449 -0.509932
0.350699 -0.512872
0.353688 -0.517727
0.358338 -0.526283
0.359480 -0.529277
0.359717 -0.532782
0.359514 -0.535990
0.358517 -0.538951
0.356758 -0.541368
0.350871 -0.547574
0.344648 -0.553620
0.342005 -0.554863
0.337104 -0.556799
0.332130 -0.558644
0.328984 -0.559223
0.325417 -0.559446
0.322838 -0.559462
0.320112 -0.559324
0.316623 -0.558998
0.310200 -0.558393
0.303786 -0.557758
0.297347 -0.556792
0.291046 -0.554587
0.288290 -0.553235
0.285587 -0.551844
0.282889 -0.550373
0.280117 -0.548939
0.277554 -0.547053
0.275952 -0.544856
0.275889 -0.541935
0.274806 -0.525814
0.273613 -0.509585
0.266751 -0.469841
0.262846 -0.456174
0.258522 -0.440476
0.255846 -0.430549
0.254906 -0.429199
0.253050 -0.426541
0.251224 -0.423940
0.249423 -0.421395
0.247642 -0.418906
0.245876 -0.416475
0.244121 -0.414101
0.242373 -0.411785
0.240625 -0.409527
0.238875 -0.407328
0.237116 -0.405188
0.235344 -0.403107
0.233555 -0.401086
0.231744 -0.399126
0.229905 -0.397225
0.228035 -0.395386
0.226129 -0.393607
0.224182 -0.391891
0.222188 -0.390236
0.220145 -0.388644
0.218046 -0.387115
0.215887 -0.385648
0.213663 -0.384245
0.211370 -0.382906
0.209003 -0.381632
0.206557 -0.380422
0.204028 -0.379277
0.201411 -0.378197
0.198700 -0.377184
0.195892 -0.376236
0.192982 -0.375355
0.149439 -0.365452
0.103855 -0.365118
0.097956 -0.366118
0.094598 -0.368606
0.092654 -0.370569
0.081949 -0.385870
0.081150 -0.386917
0.079369 -0.389037
0.077386 -0.391192
0.075253 -0.393380
0.073020 -0.395599
0.070739 -0.397849
0.068459 -0.400126
0.066233 -0.402430
0.064110 -0.404759
0.062142 -0.407111
0.060379 -0.409485
0.058872 -0.411879
0.057673 -0.414292
0.056832 -0.416722
0.056399 -0.419166
0.056426 -0.421625
0.056964 -0.424095
0.059127 -0.428013
0.060831 -0.430659
0.060479 -0.433611
0.059622 -0.436144
0.054907 -0.438902
0.049061 -0.440774
0.047174 -0.440950
0.044080 -0.439175
0.043877 -0.439042
0.042550 -0.438171
0.040641 -0.436918
0.038925 -0.435792
0.035830 -0.433617
0.035164 -0.431141
0.034614 -0.423925
0.033162 -0.417289
0.029815 -0.412499
0.024552 -0.412065
0.022165 -0.413054
0.019537 -0.413511
0.014093 -0.416779
0.008412 -0.420551
0.003210 -0.424806
0.003429 -0.427949
0.004346 -0.431013
0.006121 -0.433995
0.011312 -0.440502
0.017556 -0.445771
0.025613 -0.451861
0.033727 -0.457801
0.035914 -0.460195
0.038728 -0.463828
0.041455 -0.467483
0.043812 -0.470273
0.045101 -0.471713
0.047896 -0.474530
0.050354 -0.477264
0.051534 -0.479723
0.048612 -0.483017
0.046655 -0.484368
0.045806 -0.484954
0.044724 -0.485632
0.042366 -0.486424
0.039802 -0.486565
0.037097 -0.486173
0.034316 -0.485368
0.031524 -0.484268
0.028786 -0.482993
0.026166 -0.481661
0.023730 -0.480391
0.021542 -0.479302
0.014043 -0.475297
0.011511 -0.475045
0.009366 -0.476020
0.009617 -0.478545
0.011775 -0.482345
0.014628 -0.486077
0.016738 -0.488202
0.019030 -0.489743
0.019120 -0.489790
0.019715 -0.490095
0.020571 -0.490534
0.021340 -0.490928
0.023664 -0.491408
0.026294 -0.491860
0.028077 -0.493435
0.028639 -0.496006
0.028185 -0.498932
0.027312 -0.501873
0.025617 -0.503850
0.024686 -0.506124
0.022190 -0.505709
0.014370 -0.503887
0.006466 -0.501997
0.005626 -0.501767
0.004288 -0.501427
0.001616 -0.500724
-0.001051 -0.499991
-0.003713 -0.499233
-0.006370 -0.498454
-0.009023 -0.497655
-0.011671 -0.496842
-0.014314 -0.496017
-0.016951 -0.495183
-0.019584 -0.494344
-0.022212 -0.493504
-0.024835 -0.492666
-0.041874 -0.486614
-0.051806 -0.482369
-0.061699 -0.478022
-0.064153 -0.476655
-0.066797 -0.475063
-0.078461 -0.465767
-0.089217 -0.455254
-0.108726 -0.430932
-0.123004 -0.404031
-0.135236 -0.375662
-0.148606 -0.346934
-0.152523 -0.337561
-0.153675 -0.334399
-0.156140 -0.325305
-0.159129 -0.311652
-0.159416 -0.310266
-0.159992 -0.307497
-0.160570 -0.304728
-0.161151 -0.301959
-0.161735 -0.299192
-0.162320 -0.296424
-0.162909 -0.293658
-0.163499 -0.290891
-0.164091 -0.288126
-0.164686 -0.285360
-0.165283 -0.282595
-0.165569 -0.281272
-0.165869 -0.279557
-0.165992 -0.276428
-0.165531 -0.273639
-0.164546 -0.271122
-0.163100 -0.268804
-0.161253 -0.266616
-0.159069 -0.264489
-0.156607 -0.262350
-0.152097 -0.258635
-0.148263 -0.255695
-0.145740 -0.254160
-0.142759 -0.253213
-0.139713 -0.252346
-0.136614 -0.252200
-0.133938 -0.253515
-0.131619 -0.254904
-0.129346 -0.254286
-0.129419 -0.252094
-0.131431 -0.249427
-0.141219 -0.239290
-0.144530 -0.236917
-0.148177 -0.234802
-0.149624 -0.233952
-0.152415 -0.232256
-0.155073 -0.230557
-0.157602 -0.228850
-0.160006 -0.227129
-0.162289 -0.225388
-0.164455 -0.223621
-0.166509 -0.221822
-0.168455 -0.219985
-0.170296 -0.218104
-0.172037 -0.216174
-0.173683 -0.214189
-0.175237 -0.212142
-0.176703 -0.210027
-0.178086 -0.207839
-0.179390 -0.205572
-0.180619 -0.203220
-0.181777 -0.200777
-0.182869 -0.198236
-0.183898 -0.195593
-0.184868 -0.192841
-0.185785 -0.189974
-0.186651 -0.186987
-0.187472 -0.183873
-0.188282 -0.180493
-0.188914 -0.177736
-0.189545 -0.174978
-0.190177 -0.172221
-0.190808 -0.169463
-0.191438 -0.166706
-0.192069 -0.163948
-0.192698 -0.161190
-0.193327 -0.158433
-0.193956 -0.155674
-0.194583 -0.152916
-0.195210 -0.150158
-0.195837 -0.147399
-0.196462 -0.144641
-0.197086 -0.141882
-0.197710 -0.139123
-0.198332 -0.136363
-0.198953 -0.133604
-0.200777 -0.125351
-0.201039 -0.124046
-0.201479 -0.121333
-0.201848 -0.118514
-0.202190 -0.115632
-0.202552 -0.112724
-0.202980 -0.109831
-0.203521 -0.106993
-0.204220 -0.104249
-0.205125 -0.101640
-0.206280 -0.099206
-0.207732 -0.096985
-0.209528 -0.095018
-0.211713 -0.093345
-0.217703 -0.091101
-0.220415 -0.090386
-0.223024 -0.089485
-0.224854 -0.086922
-0.226368 -0.084132
-0.227817 -0.081435
-0.229192 -0.078855
-0.230482 -0.076345
-0.231661 -0.073834
-0.233108 -0.071183
-0.234470 -0.068370
-0.235513 -0.065488
-0.236566 -0.062442
-0.237505 -0.059458
-0.238086 -0.056395
-0.237909 -0.053427
-0.237347 -0.050609
-0.236641 -0.047702
-0.235204 -0.043635
-0.233610 -0.039577
-0.231871 -0.037346
-0.229494 -0.035683
-0.220700 -0.030718
-0.211681 -0.025902
-0.211598 -0.025868
-0.211049 -0.025646
-0.210259 -0.025326
-0.209549 -0.025039
-0.208565 -0.019579
-0.205438 -0.005690
-0.202049 0.006189
-0.201684 0.007596
-0.200881 0.010376
-0.199983 0.013112
-0.198993 0.015804
-0.197913 0.018451
-0.196746 0.021054
-0.195493 0.023613
-0.194159 0.026127
-0.192744 0.028598
-0.191253 0.031025
-0.189686 0.033408
-0.188048 0.035746
-0.186339 0.038041
-0.184564 0.040293
-0.182724 0.042500
-0.180822 0.044664
-0.178860 0.046784
-0.176841 0.048861
-0.174767 0.050894
-0.172642 0.052884
-0.170467 0.054831
-0.168245 0.056734
-0.163827 0.060245
-0.157134 0.066715
-0.156592 0.069132
-0.155955 0.072175
-0.155876 0.075765
-0.156346 0.078333
-0.158014 0.081671
-0.160606 0.082891
-0.167124 0.083313
-0.167801 0.083214
-0.169343 0.083027
-0.171561 0.082757
-0.173554 0.082514
-0.175977 0.082940
-0.177848 0.085335
-0.179294 0.088224
-0.180548 0.090601
-0.181549 0.093402
-0.182529 0.097752
-0.183469 0.102202
-0.184013 0.105265
-0.184337 0.108688
-0.184325 0.112269
-0.184106 0.116069
-0.183824 0.119835
-0.183281 0.123270
-0.182488 0.126618
-0.181093 0.129333
-0.177769 0.133743
-0.176742 0.134725
-0.174675 0.136677
-0.172594 0.138612
-0.170501 0.140532
-0.168396 0.142440
-0.166282 0.144337
-0.164160 0.146225
-0.162032 0.148106
-0.159900 0.149982
-0.157765 0.151854
-0.155629 0.153725
-0.153493 0.155596
-0.151360 0.157470
-0.149230 0.159348
-0.147106 0.161231
-0.144989 0.163123
-0.142881 0.165024
-0.140784 0.166937
-0.138698 0.168864
-0.136627 0.170806
-0.134571 0.172765
-0.132531 0.174745
-0.125720 0.181048
-0.123151 0.182885
-0.095666 0.197796
-0.067395 0.212647
-0.039333 0.228254
-0.032084 0.232519
-0.024828 0.236661
-0.017593 0.240650
-0.015940 0.241475
-0.013159 0.242454
-0.010293 0.242899
-0.007683 0.242563
-0.005668 0.241200
-0.004587 0.238564
-0.005599 0.235577
-0.006773 0.232623
-0.010822 0.225675
-0.015126 0.218584
-0.019976 0.211745
-0.025442 0.205598
-0.031326 0.199560
-0.033606 0.197223
-0.036126 0.194747
-0.038462 0.192289
-0.040302 0.189464
-0.041920 0.186593
-0.043331 0.183709
-0.044630 0.180920
-0.045991 0.178200
-0.047379 0.175457
-0.048472 0.172575
-0.048626 0.170057
-0.045682 0.169971
-0.040398 0.173491
-0.034961 0.178029
-0.033051 0.179875
-0.028669 0.186857
-0.026035 0.194954
-0.025158 0.197482
-0.021367 0.201758
-0.013006 0.210233
-0.004494 0.218685
0.000771 0.223307
0.006153 0.227756
0.010486 0.232959
0.011064 0.234304
0.012066 0.237054
0.012892 0.239870
0.013575 0.242739
0.014148 0.245648
0.014646 0.248584
0.015103 0.251532
0.015552 0.254481
0.016027 0.257417
0.016562 0.260325
0.017192 0.263194
0.017949 0.266009
0.018868 0.268757
0.019983 0.271426
0.031053 0.295458
0.031596 0.296769
0.032685 0.299391
0.033779 0.302011
0.034877 0.304630
0.035979 0.307248
0.037084 0.309865
0.038193 0.312481
0.039306 0.315096
0.040421 0.317710
0.041539 0.320323
0.042660 0.322936
0.043783 0.325548
0.044908 0.328160
0.046035 0.330771
0.047164 0.333382
0.048293 0.335992
0.049424 0.338603
0.050556 0.341213
0.051689 0.343823
0.052821 0.346433
0.053954 0.349044
0.055087 0.351654
0.056219 0.354265
0.057351 0.356876
0.058482 0.359488
0.059612 0.362100
0.060741 0.364713
0.061868 0.367327
0.062993 0.369941
0.064116 0.372556
0.065237 0.375172
0.066355 0.377789
0.067471 0.380407
0.068583 0.383027
0.069693 0.385647
0.070798 0.388269
0.071900 0.390892
0.072998 0.393517
0.074092 0.396143
0.075181 0.398771
0.076266 0.401401
0.077346 0.404032
0.078420 0.406666
0.079489 0.409301
0.080553 0.411938
0.081610 0.414577
0.082661 0.417219
0.083706 0.419863
0.084744 0.422509
0.085776 0.425158
0.086800 0.427809
0.087817 0.430463
0.088826 0.433119
0.089827 0.435778
0.090821 0.438440
0.091806 0.441105
0.092782 0.443773
0.093749 0.446444
0.094708 0.449118
0.095657 0.451795
0.096597 0.454476
0.097526 0.457160
0.098446 0.459847
0.099356 0.462538
0.100255 0.465233
0.101143 0.467931
0.102020 0.470633
0.102886 0.473339
0.103740 0.476049
0.104583 0.478763
0.105414 0.481481
0.106233 0.484203
0.107039 0.486929
0.107832 0.489660
0.108613 0.492395
0.109380 0.495135
0.110134 0.497879
0.110874 0.500628
0.111789 0.507277
0.111771 0.514043
0.111752 0.516197
0.110963 0.518929
0.110487 0.520100
0.109302 0.521154
0.107845 0.520880
0.106165 0.519747
0.104312 0.518223
0.101970 0.516188
0.099546 0.514514
0.093234 0.514893
0.086538 0.516956
0.083983 0.518507
0.081715 0.521018
0.080009 0.523639
0.079223 0.526475
0.078945 0.529449
0.079353 0.532250
0.079766 0.533536
0.080703 0.536153
0.081753 0.538820
0.082866 0.541530
0.083994 0.544272
0.085090 0.547038
0.086106 0.549817
0.086993 0.552602
0.087704 0.555382
0.088190 0.558147
0.088403 0.560890
0.088295 0.563600
0.087819 0.566269
0.086925 0.568886
0.082178 0.576583
0.078692 0.581713
0.076627 0.584194
0.071250 0.587089
0.065356 0.589595
0.063015 0.588780
0.056188 0.585673
0.049148 0.584012
0.047910 0.584104
0.045235 0.584518
0.042401 0.585232
0.039531 0.586238
0.036751 0.587526
0.034184 0.589086
0.031955 0.590910
0.030189 0.592987
0.029009 0.595310
0.023263 0.611353
0.022765 0.612719
0.021779 0.615447
0.020809 0.618172
0.019854 0.620894
0.018914 0.623613
0.017989 0.626331
0.017080 0.629046
0.016187 0.631761
0.015309 0.634474
0.014448 0.637187
0.013603 0.639899
0.012774 0.642612
0.011962 0.645326
0.011166 0.648041
0.010388 0.650757
0.009626 0.653475
0.008882 0.656195
0.008155 0.658918
0.007445 0.661645
0.006754 0.664374
0.006080 0.667108
0.005424 0.669846
0.004786 0.672589
0.004167 0.675337
0.003566 0.678090
0.002984 0.680850
0.002420 0.683616
0.001876 0.686388
0.001351 0.689168
0.000845 0.691955
0.000359 0.694751
-0.000108 0.697554
-0.000555 0.700367
-0.000982 0.703188
-0.001388 0.706020
-0.001775 0.708861
-0.002141 0.711713
-0.002486 0.714575
-0.002810 0.717449
-0.003114 0.720334
-0.003396 0.723232
-0.003657 0.726142
-0.003771 0.727506
-0.003926 0.730235
-0.003985 0.732966
-0.003952 0.735698
-0.003830 0.738432
-0.003622 0.741166
-0.003331 0.743900
-0.002961 0.746634
-0.002515 0.749368
-0.001995 0.752101
-0.001405 0.754833
-0.000749 0.757563
-0.000029 0.760292
0.000752 0.763018
0.001590 0.765742
0.002483 0.768463
0.003426 0.771181
0.004417 0.773896
0.005454 0.776606
0.006531 0.779312
0.007648 0.782014
0.008799 0.784710
0.009983 0.787401
0.011195 0.790087
0.012434 0.792766
0.013695 0.795439
0.014975 0.798105
0.016272 0.800764
0.017582 0.803416
0.018903 0.806060
0.020230 0.808696
0.021560 0.811323
0.022892 0.813941
0.024220 0.816550
0.025543 0.819150
0.026857 0.821740
0.028159 0.824319
0.029446 0.826888
0.030714 0.829445
0.031961 0.831992
0.033183 0.834527
0.034377 0.837049
0.035540 0.839560
0.036669 0.842057
0.052264 0.876986
0.054048 0.881016
0.054835 0.886367
0.055391 0.891965
0.054075 0.900442
0.052463 0.909234
0.051645 0.912413
0.043989 0.926700
0.035524 0.941481
0.026718 0.956078
0.024772 0.958264
0.022193 0.959677
0.013822 0.959886
0.004872 0.959351
0.002910 0.957939
0.000886 0.956078
-0.000746 0.954079
-0.001907 0.946920
-0.003803 0.939398
-0.005122 0.936580
-0.006625 0.933813
-0.013505 0.919294
-0.021897 0.905830
-0.029889 0.896737
-0.031223 0.895612
-0.033873 0.893504
-0.036500 0.891580
-0.039107 0.889836
-0.041698 0.888268
-0.044276 0.886871
-0.046844 0.885640
-0.049406 0.884571
-0.051966 0.883660
-0.054526 0.882901
-0.057090 0.882290
-0.059661 0.881822
-0.062243 0.881494
-0.064840 0.881300
-0.067453 0.881235
-0.070088 0.881296
-0.072747 0.881477
-0.075433 0.881775
-0.078151 0.882184
-0.080903 0.882700
-0.083692 0.883318
-0.086523 0.884034
-0.089398 0.884843
-0.092321 0.885741
-0.095296 0.886723
-0.098325 0.887784
-0.104261 0.889960
-0.107277 0.891146
-0.108597 0.891714
-0.111232 0.892856
-0.113859 0.894008
-0.116480 0.895169
-0.119094 0.896339
-0.121701 0.897518
-0.124302 0.898705
-0.126896 0.899901
-0.129484 0.901106
-0.132066 0.902318
-0.134642 0.903539
-0.137213 0.904768
-0.139778 0.906005
-0.142337 0.907249
-0.144892 0.908501
-0.147440 0.909760
-0.149984 0.911026
-0.150389 0.911229
41
-0.043418 -0.617277
-0.064707 -0.613372
-0.087654 -0.610454
-0.090327 -0.610779
-0.091472 -0.612824
-0.098188 -0.628761
-0.104592 -0.645105
-0.105196 -0.648080
-0.104448 -0.663548
-0.102831 -0.679483
-0.101597 -0.681960
-0.096014 -0.690254
-0.090122 -0.698564
-0.088168 -0.700628
-0.070886 -0.712662
-0.052687 -0.724533
-0.050243 -0.725667
-0.047567 -0.726719
-0.044677 -0.727509
-0.041276 -0.727683
-0.038030 -0.726991
-0.035583 -0.724876
-0.033838 -0.722132
-0.032552 -0.719174
-0.031305 -0.716245
-0.030294 -0.713444
-0.028690 -0.704399
-0.022875 -0.687551
-0.016541 -0.670284
-0.009809 -0.653187
-0.008491 -0.651125
-0.007763 -0.648301
-0.008621 -0.645454
-0.010342 -0.643155
-0.012238 -0.641081
-0.014153 -0.639180
-0.020030 -0.634602
-0.026110 -0.629993
-0.032282 -0.625376
-0.038437 -0.620775
-0.041050 -0.618910
81
0.650376 -0.611399
0.652779 -0.609772
0.655536 -0.608386
0.658415 -0.607419
0.661185 -0.607050
0.663612 -0.607458
0.665464 -0.608820
0.666687 -0.612493
0.667157 -0.614679
0.669277 -0.616481
0.672245 -0.617458
0.673823 -0.616307
0.674632 -0.611848
0.675334 -0.604058
0.675321 -0.602231
0.675302 -0.598736
0.675364 -0.595483
0.675595 -0.592513
0.676084 -0.589864
0.676918 -0.587576
0.678187 -0.585688
0.679978 -0.584240
0.682380 -0.583271
0.685481 -0.582821
0.693781 -0.582009
0.695920 -0.580440
0.694922 -0.577871
0.692790 -0.574697
0.691799 -0.573412
0.690090 -0.570887
0.688958 -0.568327
0.688660 -0.565614
0.694163 -0.552211
0.695953 -0.547200
0.697516 -0.541431
0.697391 -0.532088
0.696895 -0.522342
0.695503 -0.515857
0.694349 -0.513735
0.693137 -0.511621
0.681855 -0.498190
0.669998 -0.484500
0.657756 -0.470704
0.645319 -0.456957
0.632880 -0.443416
0.630935 -0.441741
0.624959 -0.444597
0.617510 -0.448954
0.610058 -0.453534
0.608329 -0.455072
0.607658 -0.457883
0.607195 -0.460057
0.607206 -0.466510
0.607383 -0.474108
0.607738 -0.481688
0.609587 -0.502983
0.610495 -0.524356
0.610185 -0.536489
0.609819 -0.539465
0.608714 -0.543960
0.607484 -0.548503
0.606219 -0.551426
0.602380 -0.559085
0.598265 -0.566614
0.595911 -0.568713
0.588395 -0.572951
0.580868 -0.577650
0.578082 -0.579781
0.577093 -0.582191
0.579341 -0.585807
0.582258 -0.589862
0.588431 -0.596283
0.599192 -0.604784
0.610401 -0.613347
0.621703 -0.621816
0.626010 -0.624577
0.628446 -0.626064
0.631944 -0.626528
0.634299 -0.625749
0.646816 -0.614715
0.649381 -0.612247
71
-0.080985 -0.208200
-0.080405 -0.209627
-0.079570 -0.211682
-0.078820 -0.213527
-0.078488 -0.214344
-0.075886 -0.220726
-0.073222 -0.227077
-0.070458 -0.233335
-0.066819 -0.243345
-0.063441 -0.253768
-0.059660 -0.262294
-0.054812 -0.266614
-0.048233 -0.264416
-0.046067 -0.262657
-0.043471 -0.259404
-0.041235 -0.255715
-0.038119 -0.248378
-0.037623 -0.240391
-0.037827 -0.237633
-0.038409 -0.234930
-0.043817 -0.220031
-0.051708 -0.206103
-0.053717 -0.202699
-0.053782 -0.202578
-0.054206 -0.201786
-0.054817 -0.200645
-0.055366 -0.199621
-0.056192 -0.195028
-0.056378 -0.192956
-0.056497 -0.189774
-0.056068 -0.187523
-0.054838 -0.185781
-0.052553 -0.184123
-0.042154 -0.178134
-0.035372 -0.173922
-0.029213 -0.169166
-0.029445 -0.165464
-0.030195 -0.162217
-0.035806 -0.153559
-0.043209 -0.145554
-0.045924 -0.143531
-0.051875 -0.141353
-0.058185 -0.139304
-0.061329 -0.138767
-0.063823 -0.138601
-0.066324 -0.138603
-0.069853 -0.140542
-0.073612 -0.142798
-0.076254 -0.144415
-0.084279 -0.146390
-0.092369 -0.144186
-0.095135 -0.144487
-0.097152 -0.146380
-0.098384 -0.149063
-0.100294 -0.153770
-0.102179 -0.158523
-0.103230 -0.161527
-0.103412 -0.167736
-0.100561 -0.173360
-0.099823 -0.174592
-0.098310 -0.177038
-0.096761 -0.179465
-0.095191 -0.181882
-0.093614 -0.184295
-0.092046 -0.186714
-0.090502 -0.189145
-0.088996 -0.191596
-0.087544 -0.194075
-0.086160 -0.196589
-0.084861 -0.199145
-0.081073 -0.207982
37
0.525001 -0.688381
0.525353 -0.690375
0.525166 -0.693117
0.524652 -0.696263
0.524024 -0.699472
0.523494 -0.702401
0.523274 -0.704708
0.525598 -0.710717
0.526833 -0.712845
0.529295 -0.715942
0.532009 -0.718844
0.535054 -0.718831
0.537310 -0.717237
0.539262 -0.715485
0.541551 -0.715248
0.541583 -0.713121
0.540044 -0.710608
0.538115 -0.708774
0.536482 -0.706443
0.535244 -0.704027
0.535630 -0.702925
0.536850 -0.700772
0.538524 -0.698717
0.540483 -0.696798
0.542559 -0.695050
0.544582 -0.693511
0.546505 -0.691753
0.547651 -0.689044
0.547396 -0.686630
0.538537 -0.682398
0.527237 -0.679202
0.524448 -0.678816
0.521955 -0.679569
0.520903 -0.681545
0.521070 -0.683883
0.522357 -0.685882
0.524557 -0.687772
34
0.491574 -0.933296
0.488580 -0.925138
0.484880 -0.917787
0.480375 -0.911088
0.474964 -0.904886
0.468546 -0.899023
0.461814 -0.893462
0.454783 -0.888486
0.452049 -0.888736
0.449884 -0.890352
0.447700 -0.891084
0.444439 -0.896733
0.441280 -0.903350
0.440828 -0.907601
0.442665 -0.911138
0.444925 -0.914893
0.451042 -0.924571
0.457215 -0.934255
0.462967 -0.943097
0.468718 -0.951955
0.474486 -0.960807
0.480288 -0.969631
0.486142 -0.978406
0.487879 -0.980669
0.495970 -0.989663
0.504380 -0.998489
0.506111 -0.999593
0.508254 -0.997100
0.506860 -0.988058
0.504362 -0.977231
0.501745 -0.966284
0.500842 -0.963194
0.497805 -0.953198
0.494667 -0.943259
72
0.290529 -0.770532
0.285377 -0.763031
0.280496 -0.755461
0.275327 -0.748123
0.273042 -0.746562
0.267113 -0.743822
0.260937 -0.741364
0.258418 -0.741553
0.250754 -0.746586
0.242660 -0.752424
0.240363 -0.754331
0.240601 -0.757527
0.243547 -0.765732
0.246936 -0.774303
0.250593 -0.782760
0.252204 -0.784797
0.254558 -0.787024
0.257402 -0.788465
0.266373 -0.790670
0.275723 -0.792467
0.278610 -0.791974
0.281109 -0.792463
0.285467 -0.797455
0.290108 -0.803536
0.295606 -0.809949
0.301917 -0.816991
0.308267 -0.824051
0.314647 -0.831103
0.321047 -0.838123
0.322997 -0.840105
0.328687 -0.841244
0.335031 -0.842238
0.338495 -0.842785
0.341310 -0.843807
0.346308 -0.848433
0.351298 -0.854504
0.355525 -0.861157
0.356619 -0.863859
0.358958 -0.869293
0.364397 -0.878034
0.371127 -0.885823
0.373759 -0.887200
0.376819 -0.887619
0.379256 -0.886881
0.379080 -0.883796
0.377809 -0.880953
0.376017 -0.878575
0.373737 -0.876584
0.370094 -0.873347
0.366562 -0.870028
0.362222 -0.865079
0.357900 -0.859989
0.356686 -0.858289
0.353853 -0.853500
0.351083 -0.848600
0.349964 -0.845806
0.346391 -0.838494
0.341973 -0.832317
0.336641 -0.827151
0.330325 -0.822872
0.322954 -0.819356
0.320268 -0.818279
0.317708 -0.816906
0.315843 -0.814757
0.312596 -0.809483
0.310057 -0.803741
0.307733 -0.798957
0.305317 -0.793986
0.304387 -0.791881
0.302538 -0.787680
0.300251 -0.783731
0.295453 -0.777157
0
25
0.053238 -0.935895
0.050415 -0.927828
0.047265 -0.919532
0.043614 -0.911530
0.041333 -0.910059
0.039070 -0.910443
0.037911 -0.912959
0.035876 -0.915587
0.031950 -0.920916
0.028631 -0.926443
0.029265 -0.932914
0.030550 -0.939984
0.032941 -0.945061
0.035577 -0.950288
0.037091 -0.952885
0.039196 -0.954683
0.041556 -0.956003
0.044290 -0.955934
0.046971 -0.955130
0.049514 -0.953745
0.051391 -0.951729
0.052853 -0.949030
0.053810 -0.945974
0.053899 -0.942676
0.053681 -0.939163
0
0
16
-0.582378 -0.533874
-0.580260 -0.537018
-0.577233 -0.540765
-0.574641 -0.542328
-0.571807 -0.543472
-0.568844 -0.544156
-0.566724 -0.544272
-0.561896 -0.541513
-0.560045 -0.538954
-0.559564 -0.536821
-0.561244 -0.533314
-0.564065 -0.530108
-0.567180 -0.528180
-0.570577 -0.526346
-0.573056 -0.525979
-0.578731 -0.530593
41
-0.622501 -0.549115
-0.619698 -0.549077
-0.617230 -0.550264
-0.615467 -0.552431
-0.613397 -0.554667
-0.610692 -0.556172
-0.607991 -0.556957
-0.605267 -0.556501
-0.602209 -0.557496
-0.599585 -0.559354
-0.597665 -0.561750
-0.596786 -0.564403
-0.594643 -0.565705
-0.587534 -0.562782
-0.582879 -0.555486
-0.581555 -0.547836
-0.581868 -0.545042
-0.583436 -0.542536
-0.584886 -0.540078
-0.587842 -0.536784
-0.590998 -0.533494
-0.593426 -0.531736
-0.595514 -0.530396
-0.603289 -0.526852
-0.611363 -0.523333
-0.619466 -0.519833
-0.622495 -0.518604
-0.625653 -0.517816
-0.628729 -0.517087
-0.632150 -0.516786
-0.635351 -0.517201
-0.637465 -0.519142
-0.638520 -0.522283
-0.636832 -0.528275
-0.634679 -0.534823
-0.633716 -0.537676
-0.632950 -0.539986
-0.631167 -0.542365
-0.628460 -0.543565
-0.625879 -0.545446
-0.624334 -0.547470
25
-0.011157 -0.220244
-0.004301 -0.223429
0.002881 -0.226517
0.010165 -0.229705
0.017327 -0.233185
0.024468 -0.236935
0.026533 -0.239328
0.027612 -0.242445
0.028144 -0.244963
0.030627 -0.244216
0.032412 -0.241792
0.032805 -0.238232
0.031574 -0.231384
0.027031 -0.226271
0.021318 -0.221867
0.015326 -0.217392
0.009158 -0.213000
0.002916 -0.208839
-0.003168 -0.207086
-0.010443 -0.207548
-0.013080 -0.208008
-0.017489 -0.207344
-0.016962 -0.209734
-0.015335 -0.214164
-0.013439 -0.218539
24
0.071860 -0.242379
0.063790 -0.245331
0.055743 -0.248599
0.053256 -0.250590
0.051077 -0.252475
0.048943 -0.254519
0.047571 -0.258731
0.050156 -0.259812
0.053188 -0.260012
0.061540 -0.259352
0.070074 -0.258530
0.073090 -0.258083
0.076003 -0.257482
0.078841 -0.257069
0.081793 -0.256567
0.084362 -0.255460
0.086848 -0.253795
0.088122 -0.251357
0.086846 -0.248903
0.084229 -0.247086
0.081767 -0.245542
0.079972 -0.243256
0.077366 -0.241508
0.074471 -0.241719
41
-0.008274 -0.445595
-0.014163 -0.441648
-0.020277 -0.437765
-0.026491 -0.433849
-0.032681 -0.429804
-0.038723 -0.425532
-0.041405 -0.423533
-0.046882 -0.418532
-0.053172 -0.412697
-0.059408 -0.406833
-0.065688 -0.401019
-0.067780 -0.399327
-0.069708 -0.400455
-0.070767 -0.403294
-0.072044 -0.406153
-0.072955 -0.409064
-0.073791 -0.412045
-0.072830 -0.413426
-0.067665 -0.419386
-0.062310 -0.425406
-0.056880 -0.431361
-0.051971 -0.435774
-0.046646 -0.439725
-0.040869 -0.443477
-0.035073 -0.447080
-0.029128 -0.451005
-0.023190 -0.455155
-0.017415 -0.459434
-0.010360 -0.464828
-0.003054 -0.469948
-0.000438 -0.471529
0.002211 -0.472604
0.004891 -0.473138
0.007762 -0.472749
0.010394 -0.471580
0.011229 -0.469186
0.010205 -0.466053
0.008410 -0.463156
0.006712 -0.460482
0.004747 -0.458079
-0.001628 -0.451777
28
0.590572 -0.703784
0.579961 -0.701355
0.569212 -0.699128
0.562083 -0.698816
0.554689 -0.698664
0.551959 -0.698751
0.547671 -0.698875
0.543560 -0.699406
0.543802 -0.701395
0.543584 -0.703789
0.544016 -0.706562
0.545945 -0.708493
0.548149 -0.710291
0.550376 -0.712432
0.552722 -0.714478
0.554938 -0.716438
0.557681 -0.717307
0.565128 -0.719250
0.572648 -0.721140
0.575922 -0.721800
0.578739 -0.721737
0.581779 -0.721432
0.584145 -0.720017
0.588624 -0.716571
0.593138 -0.712997
0.598025 -0.708788
0.598663 -0.707201
0.596357 -0.705549
25
0.454280 -0.487372
0.452017 -0.490970
0.450204 -0.489668
0.447871 -0.488396
0.447148 -0.487099
0.445238 -0.489505
0.444595 -0.490688
0.445295 -0.495016
0.446583 -0.499661
0.449091 -0.501088
0.451732 -0.502105
0.454101 -0.502245
0.456564 -0.501030
0.459097 -0.499926
0.461048 -0.497671
0.463015 -0.495486
0.465536 -0.494463
0.468056 -0.493347
0.469446 -0.491122
0.469045 -0.488238
0.467625 -0.485512
0.464528 -0.483349
0.461071 -0.481164
0.458719 -0.480007
0.456926 -0.483344
31
-0.669248 0.248955
-0.665678 0.244114
-0.662014 0.239169
-0.660385 0.237088
-0.658776 0.235007
-0.657766 0.232426
-0.656097 0.231374
-0.653392 0.232409
-0.650866 0.234008
-0.649372 0.236460
-0.649213 0.239226
-0.650687 0.241220
-0.652528 0.243219
-0.653884 0.245737
-0.654649 0.248293
-0.654933 0.256383
-0.655010 0.264825
-0.654901 0.267422
-0.656957 0.269347
-0.658789 0.271022
-0.661825 0.270952
-0.664146 0.270073
-0.667844 0.267617
-0.671537 0.264911
-0.675226 0.261394
-0.678731 0.257634
-0.679281 0.254912
-0.678526 0.252250
-0.675695 0.253013
-0.673431 0.252171
-0.671295 0.251019
0
0
14
0.519499 -0.498215
0.519069 -0.491087
0.518531 -0.483996
0.518000 -0.481920
0.515343 -0.481681
0.513052 -0.481249
0.512088 -0.484582
0.512016 -0.487489
0.511967 -0.493688
0.512616 -0.499521
0.514677 -0.505227
0.516032 -0.507807
0.518238 -0.507802
0.519985 -0.505936
20
0.509778 -0.665912
0.503845 -0.663891
0.501362 -0.663159
0.497195 -0.662519
0.498313 -0.665212
0.500015 -0.667586
0.502271 -0.669553
0.504647 -0.671051
0.506460 -0.673261
0.508726 -0.675504
0.510679 -0.677220
0.513035 -0.678765
0.518235 -0.679398
0.522241 -0.675578
0.523188 -0.673695
0.520734 -0.673030
0.517845 -0.673182
0.515813 -0.671834
0.514610 -0.669165
0.512133 -0.667354
0
0
18
-0.011508 0.968613
-0.010613 0.964686
-0.010178 0.960502
-0.010555 0.957503
-0.010777 0.954573
-0.008743 0.954938
-0.006710 0.956745
-0.001975 0.961603
0.001096 0.967522
0.001907 0.970220
0.002295 0.973474
0.002032 0.976199
0.000700 0.977856
-0.001629 0.978304
-0.003811 0.978135
-0.006263 0.976544
-0.008899 0.975023
-0.010516 0.973070
0
0
0
0
0
21
0.630396 -0.976049
0.626529 -0.969635
0.622295 -0.963073
0.619756 -0.959872
0.617040 -0.956706
0.615026 -0.955362
0.613991 -0.957777
0.613242 -0.960861
0.612941 -0.963195
0.613867 -0.966198
0.614483 -0.969507
0.615671 -0.972474
0.617009 -0.975579
0.618443 -0.978144
0.620638 -0.980550
0.622982 -0.982766
0.625447 -0.985210
0.627773 -0.986505
0.629910 -0.985188
0.631088 -0.982544
0.631282 -0.979118
22
0.659659 -0.984922
0.658967 -0.980438
0.658049 -0.975817
0.656922 -0.973416
0.655710 -0.970922
0.654156 -0.968362
0.652796 -0.965989
0.651040 -0.963491
0.648523 -0.962530
0.646614 -0.964213
0.646556 -0.967578
0.646896 -0.970445
0.647615 -0.973733
0.648262 -0.977082
0.648970 -0.979970
0.649952 -0.982938
0.651001 -0.985843
0.652373 -0.988454
0.654198 -0.991297
0.656341 -0.992552
0.658303 -0.991045
0.659329 -0.988146
0
0
0
0
0
0
0
0
0
0
0
0
0
0
0
0
0
0
0
0
0
0
0
0
0
0
0
0
0
0
0
0
0
25
0.592104 -0.726230
0.598797 -0.729012
0.605466 -0.731309
0.612269 -0.733177
0.619362 -0.734671
0.627380 -0.736127
0.630532 -0.736179
0.633450 -0.736413
0.635917 -0.735633
0.637119 -0.733198
0.636985 -0.730536
0.636071 -0.727875
0.634518 -0.725376
0.632320 -0.723596
0.629673 -0.722388
0.625306 -0.720511
0.620860 -0.718831
0.617983 -0.717814
0.615172 -0.717111
0.612454 -0.716398
0.609872 -0.716166
0.603698 -0.718461
0.597017 -0.721301
0.590277 -0.724155
0.588814 -0.724748
0
0
0
0
0
0
0
24
-0.563748 -0.579580
-0.558192 -0.582012
-0.552311 -0.584401
-0.549332 -0.585465
-0.546518 -0.586758
-0.544612 -0.588687
-0.542596 -0.590190
-0.539706 -0.591100
-0.536702 -0.591998
-0.533881 -0.591763
-0.532598 -0.589525
-0.533434 -0.586555
-0.535349 -0.584183
-0.537937 -0.582934
-0.540864 -0.583050
-0.543814 -0.583393
-0.546335 -0.582021
-0.548483 -0.580045
-0.553853 -0.578301
-0.559691 -0.576677
-0.562846 -0.576150
-0.566820 -0.575290
-0.568426 -0.575091
-0.566150 -0.577601
0
29
-0.407950 -0.573800
-0.407008 -0.575937
-0.405553 -0.578530
-0.404797 -0.581275
-0.403811 -0.583671
-0.401170 -0.584705
-0.398166 -0.586310
-0.395571 -0.587592
-0.393688 -0.589676
-0.390770 -0.590823
-0.387924 -0.591768
-0.385043 -0.592592
-0.381853 -0.592350
-0.379057 -0.591960
-0.375897 -0.591315
-0.373093 -0.590267
-0.372083 -0.587877
-0.373791 -0.585373
-0.375487 -0.583243
-0.378139 -0.582508
-0.381285 -0.582100
-0.384767 -0.582194
-0.388018 -0.582681
-0.390702 -0.582602
-0.393277 -0.580897
-0.396743 -0.580006
-0.399701 -0.578662
-0.402394 -0.577697
-0.404807 -0.576126
0
