5
1467
0.580894 -0.794771
0.579384 -0.791932
0.577624 -0.789412
0.575674 -0.787183
0.573092 -0.784635
0.569379 -0.781211
0.566273 -0.778923
0.561572 -0.775613
0.557789 -0.773420
0.552960 -0.770803
0.548729 -0.768827
0.543983 -0.766812
0.538426 -0.764607
0.533058 -0.762692
0.528273 -0.761196
0.523546 -0.759853
0.519099 -0.758683
0.515168 -0.757683
0.510990 -0.756559
0.506141 -0.755095
0.502522 -0.753740
0.498380 -0.751864
0.494458 -0.749675
0.491842 -0.747708
0.489907 -0.745787
0.487320 -0.741818
0.485117 -0.737909
0.482710 -0.733207
0.480978 -0.729045
0.479698 -0.725337
0.478089 -0.720556
0.476886 -0.716689
0.475658 -0.712752
0.474186 -0.708238
0.472746 -0.704102
0.470717 -0.698619
0.468944 -0.694335
0.466635 -0.689076
0.464360 -0.684334
0.462440 -0.680814
0.459840 -0.676278
0.456976 -0.671549
0.454122 -0.667129
0.450900 -0.662331
0.447442 -0.657363
0.444340 -0.653132
0.441001 -0.648679
0.438073 -0.644882
0.435588 -0.641700
0.432383 -0.637526
0.428919 -0.632877
0.426013 -0.628748
0.422862 -0.623968
0.419981 -0.619147
0.417834 -0.614888
0.415990 -0.610474
0.414678 -0.606258
0.413580 -0.601432
0.413446 -0.598103
0.413723 -0.593959
0.414462 -0.590560
0.415542 -0.587872
0.416858 -0.585860
0.418997 -0.583198
0.422152 -0.579738
0.425247 -0.577219
0.428820 -0.574895
0.432327 -0.573173
0.436125 -0.571730
0.440504 -0.570369
0.445102 -0.569215
0.451354 -0.567649
0.456676 -0.566525
0.462426 -0.565288
0.467339 -0.564161
0.472741 -0.562684
0.478099 -0.560813
0.482410 -0.558669
0.485531 -0.556356
0.487548 -0.554060
0.488582 -0.551805
0.490384 -0.547419
0.490342 -0.545072
0.489642 -0.542376
0.488401 -0.539401
0.486579 -0.536308
0.484160 -0.533208
0.480765 -0.529390
0.477073 -0.525980
0.473142 -0.522951
0.468667 -0.519892
0.464252 -0.517310
0.459715 -0.514976
0.455543 -0.513149
0.450574 -0.511124
0.446128 -0.509529
0.442121 -0.508256
0.437166 -0.506746
0.432184 -0.505299
0.427635 -0.504034
0.422693 -0.502669
0.417061 -0.501087
0.411684 -0.499532
0.406235 -0.497883
0.401961 -0.496474
0.396416 -0.494543
0.391043 -0.492526
0.387031 -0.490815
0.382383 -0.488702
0.378116 -0.486609
0.374620 -0.484749
0.369717 -0.482130
0.365808 -0.480000
0.361188 -0.477578
0.356694 -0.475400
0.352057 -0.473438
0.346627 -0.471532
0.341996 -0.470607
0.338757 -0.470739
0.336032 -0.471625
0.331739 -0.474032
0.328860 -0.476678
0.327785 -0.479027
0.326179 -0.483025
0.324919 -0.487237
0.323880 -0.491821
0.322731 -0.497315
0.321985 -0.501876
0.321219 -0.506539
0.320264 -0.511596
0.319169 -0.516326
0.317912 -0.520517
0.316430 -0.524377
0.314930 -0.527254
0.312919 -0.530379
0.310355 -0.533725
0.307381 -0.536949
0.304609 -0.539226
0.301543 -0.541167
0.298024 -0.542893
0.294280 -0.544227
0.290926 -0.544857
0.286830 -0.545171
0.282401 -0.545055
0.279488 -0.544320
0.276022 -0.542974
0.273359 -0.541383
0.270629 -0.539217
0.267815 -0.536486
0.266179 -0.534140
0.263986 -0.530503
0.262272 -0.526904
0.260458 -0.522501
0.258884 -0.517992
0.257753 -0.513976
0.256495 -0.509173
0.255584 -0.505180
0.254592 -0.500711
0.253548 -0.496055
0.252338 -0.490905
0.251235 -0.486556
0.250078 -0.482403
0.248665 -0.477735
0.246763 -0.471829
0.244907 -0.466685
0.243110 -0.462279
0.240811 -0.456997
0.238601 -0.452443
0.236622 -0.448839
0.234594 -0.445506
0.232076 -0.441622
0.229039 -0.437163
0.225750 -0.432581
0.222416 -0.428200
0.219112 -0.424114
0.215524 -0.419875
0.212186 -0.416182
0.208819 -0.412668
0.205625 -0.409558
0.201647 -0.405847
0.198101 -0.402796
0.193635 -0.399124
0.188701 -0.395273
0.184850 -0.392639
0.180610 -0.389979
0.175946 -0.387292
0.171967 -0.385332
0.167685 -0.383471
0.163257 -0.381791
0.158969 -0.380413
0.153932 -0.378966
0.149513 -0.377934
0.144035 -0.376763
0.137218 -0.375356
0.132216 -0.374554
0.128212 -0.374058
0.122616 -0.373428
0.118069 -0.373061
0.113076 -0.372769
0.107917 -0.372600
0.102373 -0.372564
0.096779 -0.372709
0.091903 -0.373074
0.087388 -0.373652
0.082928 -0.374468
0.078716 -0.375505
0.074881 -0.376738
0.070528 -0.378390
0.065453 -0.380544
0.061744 -0.382517
0.057979 -0.384783
0.054252 -0.387248
0.051395 -0.389373
0.048045 -0.391954
0.044330 -0.394835
0.040744 -0.397600
0.036198 -0.401006
0.031996 -0.404064
0.028020 -0.406897
0.024267 -0.409581
0.019744 -0.412957
0.015573 -0.416312
0.010444 -0.420803
0.007818 -0.423871
0.005806 -0.426812
0.004383 -0.429555
0.003147 -0.432596
0.002430 -0.435165
0.001877 -0.437990
0.000845 -0.442902
-0.000128 -0.447910
-0.001290 -0.453468
-0.002410 -0.458169
-0.003643 -0.462253
-0.005263 -0.466523
-0.007071 -0.470197
-0.008946 -0.472978
-0.011652 -0.476334
-0.014319 -0.478822
-0.018432 -0.482231
-0.021178 -0.483521
-0.024990 -0.484855
-0.028881 -0.485762
-0.033488 -0.486461
-0.037628 -0.486611
-0.041939 -0.486383
-0.046496 -0.485793
-0.052486 -0.484834
-0.057819 -0.483573
-0.063423 -0.481982
-0.068525 -0.480202
-0.073912 -0.478092
-0.079145 -0.475787
-0.084941 -0.473063
-0.089948 -0.470421
-0.094428 -0.467802
-0.099040 -0.464904
-0.103360 -0.461953
-0.107883 -0.458655
-0.112779 -0.454885
-0.117622 -0.450909
-0.121701 -0.447219
-0.125494 -0.443481
-0.129053 -0.439655
-0.133043 -0.435112
-0.136356 -0.430923
-0.139376 -0.426741
-0.141574 -0.423261
-0.143480 -0.419884
-0.145236 -0.416452
-0.146929 -0.412847
-0.149099 -0.408077
-0.151439 -0.402779
-0.153355 -0.398201
-0.155265 -0.393528
-0.157573 -0.387880
-0.159351 -0.383455
-0.161498 -0.378118
-0.163598 -0.372890
-0.165638 -0.367799
-0.167685 -0.362657
-0.169569 -0.357857
-0.171479 -0.352891
-0.173365 -0.347837
-0.174986 -0.343269
-0.176970 -0.337442
-0.178485 -0.332545
-0.179938 -0.327400
-0.181383 -0.321742
-0.182591 -0.316223
-0.183514 -0.310965
-0.184154 -0.305954
-0.184651 -0.300476
-0.184903 -0.295113
-0.184972 -0.289525
-0.184847 -0.284105
-0.184563 -0.279354
-0.184196 -0.274831
-0.183766 -0.269249
-0.183456 -0.265122
-0.183164 -0.259678
-0.183021 -0.254230
-0.183146 -0.250459
-0.183464 -0.246736
-0.184032 -0.241934
-0.184767 -0.237617
-0.185721 -0.233144
-0.186949 -0.228107
-0.188335 -0.223115
-0.189690 -0.218915
-0.191524 -0.213427
-0.193174 -0.208944
-0.195178 -0.203639
-0.197126 -0.198692
-0.199175 -0.193604
-0.201306 -0.188399
-0.203585 -0.182877
-0.205987 -0.177087
-0.207930 -0.172455
-0.210090 -0.167319
-0.212355 -0.161957
-0.214771 -0.156264
-0.217207 -0.150568
-0.219508 -0.145248
-0.221844 -0.139923
-0.223980 -0.135155
-0.226188 -0.130322
-0.228623 -0.125079
-0.231124 -0.119779
-0.233583 -0.114637
-0.235956 -0.109703
-0.238220 -0.104970
-0.240218 -0.100702
-0.242072 -0.096561
-0.244213 -0.091503
-0.246145 -0.086511
-0.247498 -0.082356
-0.248779 -0.077689
-0.249685 -0.073290
-0.250427 -0.068332
-0.250723 -0.063923
-0.250699 -0.059426
-0.250394 -0.054400
-0.249763 -0.050714
-0.248817 -0.046855
-0.247429 -0.041894
-0.245793 -0.036879
-0.243840 -0.031401
-0.241946 -0.026783
-0.239799 -0.021872
-0.237818 -0.017732
-0.235650 -0.013422
-0.233016 -0.008298
-0.230448 -0.003466
-0.228092 0.000834
-0.225272 0.005954
-0.222964 0.010092
-0.220046 0.015383
-0.217706 0.019708
-0.215054 0.024769
-0.212472 0.029939
-0.210114 0.035015
-0.207910 0.040212
-0.206136 0.045031
-0.204596 0.049940
-0.203390 0.054702
-0.202698 0.058688
-0.202287 0.062524
-0.202103 0.066328
-0.201887 0.072027
-0.201867 0.077211
-0.201939 0.082258
-0.202031 0.087271
-0.202084 0.091495
-0.202036 0.096709
-0.201822 0.102222
-0.201396 0.107224
-0.200754 0.111424
-0.199773 0.116222
-0.198669 0.119945
-0.197290 0.123569
-0.195339 0.128077
-0.193145 0.132403
-0.190555 0.136939
-0.187918 0.140928
-0.185114 0.144671
-0.181779 0.148773
-0.178597 0.152235
-0.174527 0.156442
-0.171001 0.159658
-0.166713 0.163367
-0.162537 0.166698
-0.158302 0.169841
-0.153796 0.172994
-0.149480 0.175807
-0.145496 0.178210
-0.140981 0.180811
-0.136548 0.183230
-0.131582 0.185854
-0.126222 0.188612
-0.121252 0.191074
-0.115717 0.193763
-0.111004 0.195955
-0.105804 0.198297
-0.100503 0.200585
-0.095656 0.202545
-0.090816 0.204374
-0.085956 0.206087
-0.081007 0.207729
-0.075441 0.209532
-0.070996 0.210923
-0.066367 0.212422
-0.061416 0.214149
-0.055218 0.216514
-0.050538 0.218651
-0.046466 0.220863
-0.042438 0.223404
-0.039413 0.225785
-0.035754 0.229032
-0.031599 0.233084
-0.027932 0.237212
-0.025369 0.240798
-0.023205 0.244410
-0.021408 0.248019
-0.018783 0.253477
-0.016537 0.258740
-0.014616 0.263762
-0.013184 0.268027
-0.011306 0.273657
-0.009780 0.278470
-0.008321 0.283097
-0.006977 0.287288
-0.005532 0.291626
-0.004223 0.295342
-0.002796 0.299164
-0.001126 0.303416
0.000884 0.308327
0.003071 0.313444
0.004998 0.317670
0.007060 0.322006
0.009525 0.327076
0.011820 0.331634
0.014367 0.336615
0.016833 0.341355
0.019838 0.347127
0.022534 0.352274
0.025089 0.357152
0.027624 0.362016
0.030465 0.367512
0.033100 0.372679
0.035735 0.377927
0.038453 0.383434
0.040774 0.388279
0.043174 0.393413
0.045549 0.398641
0.047511 0.403157
0.049606 0.408133
0.051244 0.412249
0.053222 0.417361
0.055413 0.423174
0.057162 0.428083
0.059125 0.433759
0.061025 0.439480
0.062361 0.443877
0.063817 0.448958
0.065370 0.454732
0.066620 0.459992
0.067792 0.465605
0.068686 0.470932
0.069348 0.476252
0.069711 0.481306
0.069762 0.485960
0.069550 0.490557
0.069093 0.495159
0.068428 0.499374
0.067557 0.503672
0.066383 0.508953
0.065173 0.513655
0.063770 0.518789
0.062438 0.523263
0.061044 0.527677
0.059497 0.532321
0.058003 0.536460
0.056175 0.541190
0.053956 0.546550
0.051626 0.551663
0.049307 0.556180
0.047150 0.559794
0.044485 0.563881
0.042315 0.566685
0.039185 0.570507
0.036586 0.573330
0.033399 0.576643
0.029360 0.580821
0.025484 0.584774
0.021669 0.588698
0.018911 0.591618
0.015770 0.595084
0.012831 0.598520
0.009210 0.602965
0.006389 0.606773
0.004123 0.610187
0.001728 0.614113
-0.000912 0.618744
-0.003486 0.623633
-0.006088 0.628935
-0.008256 0.633854
-0.010607 0.639515
-0.012302 0.644216
-0.014318 0.650092
-0.015947 0.655419
-0.017620 0.661276
-0.018786 0.666063
-0.020099 0.671841
-0.021184 0.677276
-0.022283 0.683312
-0.023230 0.689251
-0.023919 0.694563
-0.024561 0.700366
-0.024922 0.705153
-0.025259 0.710887
-0.025415 0.715989
-0.025474 0.721356
-0.025409 0.726204
-0.025245 0.730573
-0.024990 0.736019
-0.024697 0.740235
-0.024309 0.745233
-0.023862 0.750517
-0.023401 0.755502
-0.022892 0.760695
-0.022256 0.766982
-0.021632 0.772711
-0.020991 0.778094
-0.020216 0.784101
-0.019443 0.789310
-0.018563 0.794503
-0.017604 0.799346
-0.016438 0.804533
-0.015136 0.809562
-0.013731 0.814274
-0.012399 0.818018
-0.010594 0.822715
-0.008897 0.826636
-0.007147 0.830331
-0.004672 0.835479
-0.002398 0.840000
-0.000027 0.844669
0.002002 0.848673
0.004032 0.852805
0.006568 0.858226
0.008639 0.863051
0.010314 0.867477
0.011806 0.872042
0.012978 0.876460
0.013899 0.880978
0.014445 0.885169
0.014674 0.889270
0.014641 0.893744
0.014291 0.898100
0.013619 0.902021
0.012516 0.906786
0.011212 0.910431
0.009245 0.914959
0.007140 0.918538
0.004083 0.923007
0.001005 0.926455
-0.001803 0.928643
-0.005111 0.930568
-0.008128 0.931684
-0.011025 0.932254
-0.015396 0.931823
-0.017875 0.931056
-0.021628 0.929708
-0.025596 0.927920
-0.029186 0.925865
-0.033821 0.923054
-0.037948 0.920262
-0.040883 0.918012
-0.044015 0.915522
-0.048914 0.911783
-0.053193 0.908584
-0.057815 0.905302
-0.062118 0.902491
-0.066214 0.900100
-0.070359 0.897979
-0.074719 0.896052
-0.079259 0.894360
-0.083610 0.893085
-0.088105 0.892081
-0.092882 0.891303
-0.096967 0.890991
-0.102853 0.890691
-0.109099 0.890595
-0.114594 0.890824
-0.120301 0.891260
-0.125350 0.891890
-0.131445 0.892759
-0.137449 0.893780
-0.142825 0.894881
-0.148465 0.896166
-0.153871 0.897549
-0.159836 0.899186
-0.164809 0.900735
-0.169008 0.902206
-0.172854 0.903698
-0.177871 0.905735
-0.182882 0.907895
-0.188356 0.910351
-0.193432 0.912756
-0.198325 0.915178
-0.203509 0.917816
-0.208145 0.920265
-0.212831 0.922799
-0.217339 0.925288
-0.222417 0.928117
-0.227029 0.930723
-0.232610 0.933885
-0.237163 0.936492
-0.241067 0.938749
-0.245214 0.941163
-0.250264 0.944112
-0.255376 0.947113
-0.260415 0.950082
-0.264883 0.952723
-0.269522 0.955458
-0.274113 0.958143
-0.278339 0.960575
-0.283030 0.963213
-0.288141 0.966001
-0.293196 0.968636
-0.298303 0.971148
-0.303444 0.973499
-0.307941 0.975320
-0.313309 0.977311
-0.317880 0.978719
-0.322716 0.979982
-0.327355 0.980943
-0.332882 0.981909
-0.337282 0.982385
-0.341898 0.982699
-0.347530 0.982982
-0.353058 0.983128
-0.358449 0.983179
-0.362654 0.983128
-0.367801 0.983062
-0.373336 0.982999
-0.378468 0.982945
-0.383685 0.982893
-0.387933 0.982836
-0.393028 0.982718
-0.399272 0.982491
-0.403855 0.982177
-0.409758 0.981646
-0.415136 0.980976
-0.421922 0.980004
-0.426298 0.979051
-0.430149 0.978028
-0.434065 0.976840
-0.439567 0.975109
-0.443890 0.973563
-0.447801 0.972013
-0.453333 0.969724
-0.457495 0.967756
-0.461869 0.965472
-0.466576 0.962764
-0.470547 0.960106
-0.474544 0.957070
-0.477339 0.954420
-0.480423 0.951078
-0.482486 0.948232
-0.485137 0.944149
-0.487508 0.939920
-0.489230 0.936128
-0.491197 0.931368
-0.493017 0.926452
-0.494636 0.921602
-0.496598 0.915655
-0.498164 0.910582
-0.499388 0.906448
-0.500851 0.901546
-0.502503 0.896105
-0.504028 0.891198
-0.505559 0.886396
-0.507268 0.881138
-0.509144 0.875440
-0.511123 0.869486
-0.512641 0.864986
-0.514365 0.859851
-0.515946 0.855094
-0.517579 0.850087
-0.519320 0.844629
-0.520863 0.839630
-0.522393 0.834510
-0.523812 0.829581
-0.525224 0.824519
-0.526646 0.819276
-0.527998 0.814147
-0.529394 0.808752
-0.530534 0.804219
-0.531795 0.799145
-0.532888 0.794675
-0.533835 0.790747
-0.535144 0.785301
-0.536207 0.780846
-0.537539 0.775259
-0.538789 0.770013
-0.539784 0.765859
-0.540968 0.760958
-0.542369 0.755232
-0.543717 0.749835
-0.545134 0.744291
-0.546435 0.739378
-0.547750 0.734580
-0.548910 0.730526
-0.550172 0.726246
-0.551895 0.720427
-0.553181 0.716190
-0.554258 0.712633
-0.555573 0.708163
-0.556687 0.704161
-0.558028 0.698991
-0.559193 0.693950
-0.560069 0.689350
-0.560752 0.684712
-0.561195 0.680161
-0.561443 0.675293
-0.561467 0.670196
-0.561252 0.665080
-0.560784 0.661440
-0.560040 0.656929
-0.559056 0.651623
-0.558047 0.647098
-0.556906 0.642289
-0.555724 0.637424
-0.554449 0.632044
-0.553255 0.626742
-0.552342 0.622243
-0.551501 0.617539
-0.550740 0.612577
-0.550068 0.607340
-0.549652 0.602818
-0.549249 0.597356
-0.549028 0.592479
-0.548894 0.587473
-0.548842 0.582553
-0.548830 0.577273
-0.548842 0.571667
-0.548873 0.566502
-0.548899 0.561052
-0.548910 0.555143
-0.548899 0.549484
-0.548867 0.544265
-0.548821 0.538387
-0.548772 0.532109
-0.548738 0.525899
-0.548740 0.519940
-0.548802 0.514487
-0.548948 0.508476
-0.549197 0.503460
-0.549590 0.497918
-0.550121 0.492628
-0.550813 0.487406
-0.551671 0.482274
-0.552645 0.477641
-0.553891 0.472425
-0.555253 0.467465
-0.556858 0.462078
-0.558587 0.456697
-0.560450 0.451175
-0.562351 0.445741
-0.564087 0.440926
-0.565755 0.436318
-0.567334 0.431903
-0.569118 0.426773
-0.570472 0.422675
-0.571701 0.418737
-0.573053 0.414176
-0.574369 0.409472
-0.575517 0.405041
-0.577113 0.398698
-0.578337 0.393345
-0.579344 0.388480
-0.580328 0.383310
-0.581327 0.377631
-0.582009 0.373026
-0.582778 0.367326
-0.583290 0.362561
-0.583717 0.357670
-0.584021 0.352979
-0.584167 0.348950
-0.584299 0.343496
-0.584286 0.339008
-0.584179 0.334527
-0.583985 0.328578
-0.583701 0.323055
-0.583330 0.317606
-0.582874 0.312280
-0.582317 0.306811
-0.581665 0.301373
-0.580908 0.295863
-0.580121 0.291002
-0.579150 0.285533
-0.578197 0.280822
-0.577044 0.275457
-0.575908 0.270548
-0.574700 0.265503
-0.573531 0.260698
-0.572428 0.256063
-0.571391 0.251421
-0.570637 0.247500
-0.569902 0.242845
-0.569433 0.238446
-0.569157 0.233458
-0.569197 0.228500
-0.569651 0.224750
-0.570499 0.220627
-0.571721 0.216570
-0.573472 0.211982
-0.575644 0.207441
-0.577912 0.203894
-0.580530 0.200617
-0.583729 0.197228
-0.586776 0.194740
-0.590448 0.192268
-0.594820 0.189785
-0.598675 0.188251
-0.603861 0.186551
-0.608478 0.185648
-0.613555 0.185094
-0.619017 0.184920
-0.623809 0.185296
-0.627276 0.186113
-0.630953 0.187360
-0.634846 0.189010
-0.639377 0.191179
-0.642979 0.193288
-0.646734 0.195726
-0.650876 0.198575
-0.654781 0.201434
-0.657940 0.203918
-0.661796 0.207018
-0.665435 0.210038
-0.668621 0.212784
-0.671796 0.215620
-0.675760 0.219252
-0.679128 0.222492
-0.682874 0.226219
-0.685559 0.229071
-0.689321 0.233106
-0.692357 0.236425
-0.695310 0.239590
-0.698905 0.243240
-0.703077 0.247151
-0.706640 0.249971
-0.710721 0.252692
-0.714984 0.254940
-0.718531 0.256080
-0.722197 0.256724
-0.724489 0.256564
-0.726773 0.255934
-0.729353 0.254834
-0.731945 0.253292
-0.734086 0.251460
-0.736570 0.248824
-0.739671 0.245118
-0.741721 0.241735
-0.744017 0.237340
-0.745608 0.233301
-0.747245 0.228438
-0.748583 0.223517
-0.749770 0.218254
-0.750559 0.213451
-0.751426 0.207403
-0.752001 0.201701
-0.752167 0.197153
-0.752167 0.191881
-0.751953 0.186166
-0.751456 0.181238
-0.750709 0.176899
-0.749628 0.172107
-0.748227 0.167072
-0.746643 0.162447
-0.745204 0.159199
-0.743599 0.156082
-0.741037 0.151100
-0.738313 0.145956
-0.736363 0.142498
-0.734282 0.138769
-0.731810 0.134172
-0.729762 0.130125
-0.727685 0.125715
-0.725648 0.121023
-0.724042 0.116831
-0.722645 0.112698
-0.721127 0.107805
-0.719863 0.103195
-0.718643 0.098311
-0.717439 0.093115
-0.716354 0.088052
-0.715582 0.084020
-0.714764 0.079529
-0.713916 0.074708
-0.713238 0.070636
-0.712394 0.065488
-0.711812 0.061734
-0.711171 0.057432
-0.710486 0.052611
-0.709784 0.047371
-0.709212 0.042638
-0.708742 0.038186
-0.708374 0.033997
-0.708009 0.029143
-0.707656 0.023698
-0.707432 0.019152
-0.707263 0.014937
-0.707111 0.010945
-0.706874 0.005795
-0.706527 -0.000204
-0.706117 -0.005396
-0.705648 -0.009588
-0.705095 -0.013284
-0.704388 -0.017072
-0.703344 -0.022077
-0.702230 -0.026615
-0.700927 -0.031375
-0.699453 -0.036322
-0.697758 -0.041716
-0.696034 -0.046915
-0.693999 -0.052988
-0.692143 -0.058386
-0.690342 -0.063609
-0.688772 -0.068204
-0.687022 -0.073449
-0.685423 -0.078421
-0.683749 -0.083839
-0.682096 -0.089461
-0.680687 -0.094622
-0.679178 -0.100466
-0.677764 -0.106351
-0.676337 -0.112676
-0.675059 -0.118837
-0.673969 -0.124642
-0.673010 -0.130252
-0.672214 -0.135417
-0.671322 -0.141415
-0.670334 -0.148134
-0.669661 -0.152970
-0.668886 -0.158363
-0.668108 -0.163412
-0.667072 -0.169547
-0.666038 -0.174765
-0.664869 -0.179735
-0.663409 -0.185011
-0.661955 -0.189039
-0.660243 -0.192868
-0.658243 -0.196507
-0.655904 -0.200005
-0.653147 -0.203484
-0.650613 -0.206017
-0.648106 -0.208055
-0.645610 -0.209742
-0.641962 -0.212128
-0.637675 -0.214901
-0.633482 -0.217616
-0.629551 -0.220276
-0.625769 -0.223040
-0.623079 -0.225272
-0.620848 -0.227397
-0.618271 -0.230086
-0.615167 -0.233530
-0.611887 -0.237399
-0.608929 -0.241152
-0.606211 -0.244818
-0.603511 -0.248615
-0.600276 -0.253227
-0.597226 -0.257677
-0.595032 -0.261007
-0.592394 -0.265079
-0.589973 -0.268914
-0.586891 -0.273856
-0.584373 -0.278003
-0.582403 -0.281325
-0.580367 -0.284781
-0.578326 -0.288216
-0.576335 -0.291471
-0.573807 -0.295424
-0.570731 -0.299970
-0.567377 -0.304560
-0.564235 -0.308353
-0.561265 -0.311405
-0.557785 -0.314505
-0.553443 -0.317931
-0.550234 -0.319705
-0.546906 -0.321016
-0.542905 -0.322135
-0.538190 -0.322999
-0.534922 -0.322970
-0.532473 -0.322428
-0.529923 -0.321438
-0.527687 -0.320103
-0.524588 -0.317895
-0.522574 -0.315805
-0.520993 -0.313410
-0.518600 -0.309411
-0.517326 -0.306064
-0.516019 -0.301612
-0.514791 -0.296380
-0.513631 -0.290434
-0.512815 -0.284727
-0.512261 -0.279400
-0.511855 -0.274497
-0.511408 -0.269443
-0.510783 -0.263983
-0.509897 -0.258408
-0.508657 -0.253269
-0.506955 -0.248454
-0.505136 -0.245403
-0.503008 -0.243040
-0.500235 -0.240732
-0.497059 -0.238801
-0.492890 -0.236778
-0.488644 -0.235351
-0.483958 -0.234271
-0.479401 -0.233739
-0.474500 -0.233566
-0.469035 -0.233692
-0.463616 -0.234180
-0.458072 -0.234992
-0.452601 -0.236105
-0.448114 -0.237408
-0.442836 -0.239169
-0.438400 -0.241013
-0.434679 -0.242916
-0.429889 -0.245596
-0.426082 -0.248145
-0.422579 -0.250868
-0.418739 -0.254181
-0.416146 -0.256944
-0.413600 -0.260109
-0.410467 -0.264382
-0.407553 -0.268933
-0.405221 -0.273341
-0.402763 -0.278646
-0.401230 -0.283209
-0.400243 -0.287541
-0.399902 -0.291181
-0.399933 -0.295133
-0.400328 -0.299415
-0.401108 -0.302595
-0.402443 -0.306741
-0.404168 -0.310999
-0.406354 -0.315616
-0.408400 -0.318946
-0.410715 -0.322186
-0.413010 -0.324935
-0.416626 -0.329150
-0.420267 -0.333082
-0.423959 -0.336818
-0.427947 -0.340685
-0.432183 -0.344653
-0.436181 -0.348242
-0.440081 -0.351628
-0.443777 -0.354737
-0.447461 -0.357764
-0.452287 -0.361722
-0.456534 -0.365170
-0.460902 -0.368731
-0.465104 -0.372206
-0.469367 -0.375822
-0.473262 -0.379268
-0.477075 -0.382830
-0.480922 -0.386658
-0.484326 -0.390364
-0.486984 -0.393651
-0.489184 -0.396796
-0.491553 -0.400586
-0.493170 -0.403758
-0.494755 -0.407432
-0.496420 -0.411839
-0.497319 -0.415185
-0.498453 -0.420047
-0.499041 -0.423878
-0.499557 -0.428408
-0.499957 -0.433309
-0.500200 -0.438204
-0.500300 -0.443010
-0.500334 -0.448568
-0.500251 -0.453878
-0.500054 -0.458802
-0.499734 -0.463279
-0.499172 -0.469176
-0.498409 -0.474569
-0.497437 -0.478893
-0.495900 -0.484069
-0.493920 -0.488835
-0.491450 -0.493207
-0.489270 -0.495615
-0.487218 -0.496812
-0.482223 -0.500154
-0.477952 -0.502118
-0.474904 -0.502800
-0.469261 -0.504168
-0.465221 -0.504759
-0.460672 -0.505388
-0.454959 -0.506331
-0.450829 -0.507165
-0.445874 -0.508401
-0.441369 -0.509841
-0.436674 -0.511666
-0.433348 -0.513392
-0.430482 -0.515239
-0.427482 -0.517455
-0.423908 -0.520284
-0.420135 -0.523446
-0.416856 -0.526377
-0.413161 -0.529721
-0.410017 -0.532613
-0.406662 -0.535682
-0.402731 -0.539234
-0.399405 -0.542197
-0.396170 -0.545051
-0.392586 -0.548198
-0.389043 -0.551299
-0.386264 -0.553717
-0.383464 -0.556131
-0.379635 -0.559387
-0.376217 -0.562214
-0.372894 -0.564849
-0.369385 -0.567487
-0.364722 -0.570832
-0.360787 -0.573395
-0.357505 -0.575279
-0.354232 -0.576924
-0.349741 -0.579007
-0.345491 -0.580712
-0.339914 -0.582772
-0.335149 -0.584195
-0.330586 -0.585278
-0.325606 -0.586224
-0.320131 -0.587034
-0.315175 -0.587460
-0.309647 -0.587709
-0.304863 -0.587598
-0.299885 -0.587228
-0.296175 -0.586600
-0.291774 -0.585599
-0.286701 -0.584192
-0.282236 -0.582576
-0.277459 -0.580522
-0.273120 -0.578249
-0.269175 -0.575772
-0.266113 -0.573396
-0.263409 -0.570887
-0.260113 -0.567553
-0.256544 -0.563677
-0.253132 -0.559688
-0.249580 -0.555379
-0.245872 -0.550820
-0.243048 -0.547275
-0.239459 -0.542900
-0.236404 -0.539338
-0.233169 -0.535774
-0.230009 -0.532538
-0.226813 -0.529522
-0.223287 -0.526435
-0.219689 -0.523539
-0.215601 -0.520466
-0.211374 -0.517524
-0.206764 -0.514524
-0.202023 -0.511663
-0.197259 -0.509020
-0.193138 -0.507018
-0.188226 -0.504829
-0.183097 -0.502783
-0.177973 -0.501011
-0.173414 -0.499758
-0.168780 -0.498769
-0.164175 -0.498072
-0.160492 -0.497855
-0.156218 -0.497859
-0.151123 -0.498078
-0.147599 -0.498602
-0.143606 -0.499434
-0.139572 -0.500503
-0.135260 -0.501850
-0.131123 -0.503357
-0.126255 -0.505267
-0.121526 -0.507286
-0.117053 -0.509343
-0.112739 -0.511445
-0.107998 -0.513826
-0.103941 -0.515961
-0.099445 -0.518379
-0.094465 -0.521098
-0.090032 -0.523582
-0.085338 -0.526263
-0.080198 -0.529251
-0.075818 -0.531884
-0.071414 -0.534617
-0.066703 -0.537635
-0.061953 -0.540792
-0.058038 -0.543553
-0.054031 -0.546509
-0.050936 -0.548963
-0.047097 -0.552114
-0.043265 -0.555379
-0.039811 -0.558446
-0.035784 -0.562077
-0.032029 -0.565526
-0.028216 -0.569045
-0.024157 -0.572769
-0.019376 -0.577094
-0.015955 -0.580095
-0.011871 -0.583601
-0.008178 -0.586672
-0.004515 -0.589630
-0.000279 -0.592992
0.004006 -0.596336
0.007293 -0.598841
0.010892 -0.601574
0.015054 -0.604759
0.019399 -0.608132
0.023118 -0.611095
0.026882 -0.614192
0.030345 -0.617168
0.034664 -0.621005
0.038118 -0.624280
0.040866 -0.627104
0.044069 -0.630578
0.047406 -0.634408
0.051018 -0.638771
0.054534 -0.643287
0.057574 -0.647521
0.060451 -0.651827
0.063338 -0.656421
0.065944 -0.660875
0.069075 -0.666359
0.071844 -0.671452
0.074659 -0.676727
0.077235 -0.681593
0.079422 -0.685649
0.082379 -0.690859
0.085114 -0.695267
0.087763 -0.699012
0.090604 -0.702465
0.093332 -0.705122
0.096436 -0.707528
0.099736 -0.709504
0.102234 -0.710415
0.107294 -0.710689
0.110211 -0.710242
0.112731 -0.709362
0.114877 -0.708095
0.116531 -0.706536
0.119529 -0.703541
0.120866 -0.701237
0.122016 -0.698181
0.123523 -0.693534
0.124396 -0.689010
0.124759 -0.684464
0.124772 -0.679446
0.124387 -0.674395
0.123721 -0.668222
0.122739 -0.662570
0.121588 -0.658345
0.120093 -0.653659
0.118218 -0.648267
0.116356 -0.643648
0.114011 -0.638068
0.111835 -0.633352
0.109481 -0.628466
0.107178 -0.623869
0.105394 -0.620472
0.103481 -0.616870
0.100827 -0.611785
0.097876 -0.606005
0.095654 -0.601447
0.093075 -0.595940
0.091062 -0.591278
0.089042 -0.586270
0.087251 -0.581422
0.085732 -0.576855
0.084485 -0.572635
0.083561 -0.568996
0.082610 -0.564817
0.081925 -0.561204
0.080878 -0.555311
0.080225 -0.550447
0.079725 -0.545245
0.079489 -0.540022
0.079717 -0.535913
0.080438 -0.529817
0.081705 -0.525448
0.083414 -0.521854
0.085291 -0.519328
0.087199 -0.517871
0.090793 -0.515469
0.093887 -0.514138
0.096138 -0.513862
0.099088 -0.513924
0.102862 -0.514314
0.107108 -0.515123
0.111295 -0.516343
0.115691 -0.517963
0.120182 -0.519918
0.124660 -0.522136
0.128345 -0.524279
0.133581 -0.527408
0.137838 -0.530253
0.142497 -0.533541
0.146646 -0.536721
0.151038 -0.540285
0.154685 -0.543533
0.158368 -0.547047
0.162042 -0.550790
0.165858 -0.554892
0.168944 -0.558494
0.171607 -0.561825
0.174492 -0.565561
0.177511 -0.569547
0.179981 -0.572876
0.183316 -0.577294
0.185856 -0.580574
0.189675 -0.585338
0.192758 -0.588938
0.196431 -0.593023
0.199676 -0.596339
0.203499 -0.600030
0.207615 -0.603772
0.211481 -0.607010
0.215228 -0.609909
0.219436 -0.612998
0.223507 -0.615804
0.228038 -0.618817
0.232109 -0.621394
0.236858 -0.624369
0.240918 -0.626865
0.245250 -0.629546
0.249729 -0.632375
0.254188 -0.635284
0.258080 -0.637958
0.262465 -0.641119
0.267039 -0.644595
0.271379 -0.648120
0.274861 -0.651237
0.278138 -0.654422
0.281112 -0.657570
0.283878 -0.660756
0.287353 -0.664931
0.290580 -0.669069
0.293890 -0.673537
0.297120 -0.678136
0.300211 -0.682790
0.302686 -0.686842
0.305568 -0.691774
0.308139 -0.696503
0.310409 -0.701024
0.312218 -0.705021
0.314091 -0.709477
0.315816 -0.713930
0.317473 -0.718514
0.318896 -0.722745
0.320365 -0.727243
0.321858 -0.731805
0.323424 -0.736404
0.325067 -0.740870
0.327228 -0.746225
0.329705 -0.751715
0.332344 -0.756794
0.334513 -0.760013
0.336734 -0.762752
0.338916 -0.764972
0.342108 -0.767966
0.346166 -0.771565
0.349993 -0.774614
0.353894 -0.777494
0.357627 -0.780061
0.361768 -0.782814
0.365145 -0.784937
0.368501 -0.786977
0.372587 -0.789427
0.377243 -0.792190
0.382220 -0.795112
0.386909 -0.797819
0.391785 -0.800587
0.395951 -0.802883
0.400132 -0.805114
0.405045 -0.807657
0.410158 -0.810199
0.414528 -0.812222
0.419601 -0.814446
0.424194 -0.816277
0.428374 -0.817745
0.434002 -0.819571
0.437638 -0.820410
0.442196 -0.821255
0.447216 -0.821964
0.451562 -0.822277
0.455861 -0.822316
0.460599 -0.822122
0.464998 -0.821664
0.470000 -0.820941
0.474721 -0.820031
0.479076 -0.819004
0.483032 -0.817947
0.487527 -0.816751
0.492700 -0.815523
0.497606 -0.814664
0.502126 -0.814439
0.506047 -0.815007
0.509700 -0.819516
0.510454 -0.822233
0.510347 -0.825162
0.510097 -0.829948
0.509532 -0.835115
0.508651 -0.838925
0.507576 -0.843923
0.506810 -0.847511
0.505886 -0.853202
0.505578 -0.857107
0.505530 -0.861394
0.505796 -0.865802
0.506405 -0.870989
0.507384 -0.876349
0.508642 -0.880517
0.510323 -0.884846
0.512435 -0.889326
0.514940 -0.893780
0.517848 -0.898192
0.520997 -0.902209
0.524085 -0.905376
0.527258 -0.907969
0.531440 -0.910915
0.536119 -0.913667
0.540076 -0.915260
0.543342 -0.915973
0.546400 -0.916113
0.550268 -0.915910
0.552924 -0.915275
0.555132 -0.914287
0.557520 -0.912833
0.560339 -0.910752
0.562854 -0.908366
0.565645 -0.905220
0.568051 -0.901856
0.570507 -0.897826
0.573049 -0.893088
0.574944 -0.888681
0.576690 -0.883900
0.578382 -0.878600
0.579702 -0.873559
0.580912 -0.868203
0.581814 -0.863252
0.582610 -0.858108
0.583291 -0.852928
0.583942 -0.847383
0.584350 -0.842924
0.584840 -0.837143
0.585140 -0.832389
0.585376 -0.827186
0.585452 -0.822420
0.585367 -0.817259
0.585043 -0.813009
0.584426 -0.808352
0.583472 -0.803520
0.582236 -0.799376
21
0.272517 -0.791345
0.269796 -0.787032
0.266681 -0.783035
0.263066 -0.779169
0.259215 -0.776037
0.254907 -0.773671
0.251206 -0.772700
0.249533 -0.775970
0.249890 -0.778773
0.250564 -0.783599
0.252194 -0.788482
0.254579 -0.793295
0.257512 -0.797993
0.260753 -0.802206
0.264132 -0.805741
0.267916 -0.808699
0.272598 -0.810665
0.275939 -0.811512
0.276541 -0.806319
0.275765 -0.802503
0.274170 -0.797359
54
-0.077986 -0.629900
-0.082179 -0.629014
-0.086931 -0.628375
-0.091478 -0.628265
-0.094706 -0.628780
-0.098067 -0.629795
-0.101549 -0.631313
-0.105438 -0.633474
-0.108250 -0.635707
-0.110638 -0.638282
-0.113531 -0.641943
-0.115812 -0.645657
-0.116827 -0.648471
-0.117595 -0.651922
-0.118407 -0.656813
-0.118645 -0.661416
-0.118483 -0.666384
-0.117797 -0.670328
-0.116660 -0.674452
-0.115103 -0.678565
-0.112945 -0.683344
-0.110856 -0.686661
-0.108704 -0.689233
-0.105960 -0.691925
-0.102341 -0.694991
-0.098367 -0.697757
-0.094096 -0.700134
-0.090103 -0.701688
-0.085643 -0.702902
-0.081849 -0.703329
-0.078622 -0.703176
-0.075999 -0.702572
-0.073059 -0.701495
-0.069792 -0.699895
-0.065740 -0.697542
-0.062997 -0.695242
-0.059787 -0.692034
-0.056758 -0.688388
-0.054271 -0.684610
-0.051988 -0.680361
-0.050829 -0.676949
-0.049880 -0.672851
-0.049489 -0.669055
-0.049643 -0.665651
-0.050214 -0.661208
-0.051231 -0.656686
-0.052523 -0.653799
-0.054604 -0.650109
-0.057381 -0.645892
-0.060444 -0.642120
-0.063465 -0.639260
-0.067512 -0.635888
-0.071098 -0.633661
-0.075739 -0.631206
77
0.620433 -0.477305
0.615952 -0.474636
0.612138 -0.473189
0.609033 -0.472725
0.606254 -0.472940
0.603269 -0.473748
0.598560 -0.475297
0.596554 -0.476888
0.595105 -0.478894
0.592807 -0.482377
0.589930 -0.487139
0.587641 -0.491906
0.585702 -0.496783
0.583886 -0.501973
0.582367 -0.506959
0.581052 -0.511747
0.579529 -0.517336
0.578028 -0.522900
0.576820 -0.527410
0.575603 -0.531921
0.574081 -0.537572
0.572578 -0.543251
0.571349 -0.548164
0.570054 -0.553816
0.569271 -0.558176
0.568462 -0.563909
0.568146 -0.568699
0.568224 -0.573034
0.568699 -0.576618
0.569571 -0.580369
0.570707 -0.583511
0.572008 -0.585929
0.573780 -0.588448
0.576751 -0.592289
0.579861 -0.595542
0.582369 -0.597315
0.585868 -0.599321
0.589804 -0.601143
0.593113 -0.602123
0.596898 -0.602838
0.601249 -0.603312
0.605874 -0.603445
0.610386 -0.603176
0.614730 -0.602530
0.618734 -0.601548
0.622356 -0.600274
0.626090 -0.598612
0.629776 -0.596607
0.633002 -0.594429
0.637267 -0.591263
0.640628 -0.588239
0.643341 -0.585291
0.645444 -0.582467
0.647873 -0.578760
0.649889 -0.575066
0.651713 -0.571063
0.653422 -0.566594
0.655076 -0.561488
0.656464 -0.556167
0.657261 -0.551507
0.657586 -0.547349
0.657627 -0.542809
0.657327 -0.538314
0.656690 -0.533812
0.655725 -0.529302
0.654507 -0.525302
0.652840 -0.520677
0.650758 -0.515560
0.648671 -0.511297
0.646217 -0.506755
0.643582 -0.502330
0.641238 -0.498915
0.638059 -0.494548
0.635122 -0.490968
0.631968 -0.487517
0.628723 -0.484416
0.624478 -0.480784
46
-0.085513 -0.162320
-0.087727 -0.160722
-0.090180 -0.159482
-0.093070 -0.158510
-0.095856 -0.158128
-0.099153 -0.158149
-0.101684 -0.158765
-0.104843 -0.160007
-0.107191 -0.161522
-0.108868 -0.163253
-0.110512 -0.165552
-0.111519 -0.167768
-0.112294 -0.170487
-0.113025 -0.174219
-0.113664 -0.179027
-0.113678 -0.183249
-0.113303 -0.187594
-0.112675 -0.193511
-0.111756 -0.198708
-0.110601 -0.203740
-0.109127 -0.209319
-0.107373 -0.215030
-0.105393 -0.220387
-0.103309 -0.224754
-0.100622 -0.228982
-0.097413 -0.232485
-0.094641 -0.234003
-0.091900 -0.234332
-0.087963 -0.234265
-0.084248 -0.231114
-0.082426 -0.228369
-0.080844 -0.225020
-0.079517 -0.221077
-0.078424 -0.216574
-0.077369 -0.211231
-0.076477 -0.205560
-0.076045 -0.200787
-0.075920 -0.196738
-0.075962 -0.192256
-0.076217 -0.187688
-0.076728 -0.183343
-0.077595 -0.178399
-0.078820 -0.173591
-0.080173 -0.170328
-0.081837 -0.167675
-0.084650 -0.164072
