-0.522855 0.289268
-0.510697 0.304465
-0.495499 0.316623
-0.480302 0.328781
-0.465104 0.3379
-0.449907 0.347018
-0.434709 0.353098
-0.419512 0.359177
-0.404314 0.362216
-0.389116 0.368295
-0.373919 0.368295
-0.358721 0.368295
-0.343524 0.368295
-0.328326 0.365256
-0.313129 0.362216
-0.297931 0.356137
-0.282734 0.350058
-0.267536 0.340939
-0.252338 0.328781
-0.237141 0.313584
-0.224983 0.298386
-0.212825 0.283189
-0.203706 0.267991
-0.194588 0.252794
-0.188509 0.237596
-0.18243 0.222398
-0.176351 0.207201
-0.161153 0.198082
-0.145955 0.207201
-0.130758 0.21328
-0.11556 0.219359
-0.100363 0.222398
-0.0851651 0.225438
-0.0699675 0.228477
-0.05477 0.231517
-0.0395724 0.234556
-0.0243748 0.234556
-0.00917728 0.234556
0.00602029 0.234556
0.0212179 0.231517
0.0364154 0.228477
0.051613 0.228477
0.0668106 0.225438
0.0820081 0.219359
0.0972057 0.216319
0.112403 0.21328
0.127601 0.21024
0.142798 0.207201
0.157996 0.201122
0.173194 0.198082
0.188391 0.192003
0.203589 0.188964
0.218786 0.185924
0.233984 0.182885
0.249181 0.179845
0.264379 0.173766
0.279577 0.173766
0.294774 0.170727
0.309972 0.170727
0.325169 0.170727
0.340367 0.170727
0.355564 0.170727
0.370762 0.173766
0.38596 0.176806
0.401157 0.179845
0.416355 0.182885
0.431552 0.188964
0.44675 0.192003
0.461947 0.195043
0.477145 0.198082
0.471066 0.182885
0.461947 0.167687
0.452829 0.15249
0.44371 0.137292
0.431552 0.122094
0.419394 0.106897
0.407236 0.0916993
0.395078 0.0765018
0.37988 0.0613042
0.364683 0.0491461
0.349485 0.0369881
0.334288 0.02483
0.31909 0.012672
0.303893 0.00355344
0.288695 -0.0055651
0.273497 -0.0146836
0.2583 -0.0238022
0.243102 -0.0268417
0.227905 -0.0359602
0.212707 -0.0420393
0.19751 -0.0450788
0.182312 -0.0511578
0.167115 -0.0541973
0.151917 -0.0572368
0.136719 -0.0602763
0.121522 -0.0633159
0.106324 -0.0633159
0.0911267 -0.0663554
0.0759291 -0.0663554
0.0607315 -0.0693949
0.0607315 -0.0845925
0.0668106 -0.09979
0.0728896 -0.114988
0.0820081 -0.130185
0.0880872 -0.145383
0.0972057 -0.16058
0.103285 -0.175778
0.112403 -0.190975
0.124561 -0.206173
0.136719 -0.221371
0.145838 -0.236568
0.161035 -0.251766
0.176233 -0.266963
0.191431 -0.282161
0.206628 -0.294319
0.221826 -0.303437
0.237023 -0.312556
0.252221 -0.321675
0.267418 -0.330793
0.282616 -0.336872
0.297814 -0.342951
0.313011 -0.35207
0.328209 -0.355109
0.343406 -0.361188
0.340367 -0.370307
0.325169 -0.373346
0.309972 -0.376386
0.294774 -0.379425
0.279577 -0.385504
0.264379 -0.388544
0.249181 -0.394623
0.233984 -0.397662
0.218786 -0.403741
0.203589 -0.406781
0.188391 -0.40982
0.173194 -0.415899
0.157996 -0.418939
0.142798 -0.425018
0.127601 -0.428058
0.112403 -0.431097
0.0972057 -0.434137
0.0820081 -0.440216
0.0698501 -0.437176
0.0698501 -0.421978
0.0668106 -0.406781
0.0668106 -0.391583
0.0668106 -0.376386
0.0637711 -0.361188
0.0607315 -0.345991
0.057692 -0.330793
0.051613 -0.315595
0.045534 -0.300398
0.0364154 -0.2852
0.0242574 -0.270003
0.0120993 -0.254805
-5.87346e-005 -0.245687
-0.0152563 -0.233529
-0.0304539 -0.22745
-0.0456514 -0.230489
-0.060849 -0.230489
-0.0760466 -0.22745
-0.0912441 -0.22745
-0.106442 -0.22441
-0.121639 -0.221371
-0.136837 -0.215292
-0.152034 -0.212252
-0.167232 -0.206173
-0.18243 -0.200094
-0.197627 -0.194015
-0.212825 -0.184896
-0.228022 -0.175778
-0.24322 -0.16362
-0.258417 -0.151462
-0.273615 -0.136264
-0.285773 -0.121067
-0.294892 -0.105869
-0.30401 -0.0906715
-0.313129 -0.0754739
-0.322247 -0.0602763
-0.328326 -0.0450788
-0.334405 -0.0298812
-0.337445 -0.0146836
-0.343524 0.000513927
-0.343524 0.0157115
-0.346563 0.0309091
-0.346563 0.0461066
-0.346563 0.0613042
-0.346563 0.0765018
-0.349603 0.0916993
-0.349603 0.106897
-0.349603 0.122094
-0.352642 0.137292
-0.355682 0.15249
-0.361761 0.167687
-0.3648 0.182885
-0.370879 0.198082
-0.379998 0.21328
-0.389116 0.228477
-0.401275 0.243675
-0.416472 0.258873
-0.43167 0.267991
-0.446867 0.27407
-0.462065 0.280149
-0.477262 0.280149
-0.49246 0.283189
-0.507658 0.283189
-0.522855 0.283189
