6.098 177.439
145.122 -179.268
-156.098 -172.561
9.885 176.613
13.157 175.931
14.657 174.431
16.975 172.659
19.020 170.886
19.293 170.477
21.611 168.841
25.155 168.841
28.019 168.568
31.291 168.296
33.745 165.705
35.381 163.251
37.017 160.933
37.426 158.752
38.926 158.206
40.699 157.252
45.743 156.025
51.470 154.525
56.106 153.707
60.060 151.934
64.150 150.298
69.195 148.253
73.012 146.208
76.694 145.254
79.674 143.644
82.661 141.297
87.140 139.164
90.980 137.031
94.180 134.898
96.313 132.338
99.939 129.778
104.419 127.005
107.405 124.019
109.752 120.819
112.738 118.259
115.511 115.699
117.431 112.926
119.778 110.580
121.271 108.873
122.551 107.380
123.404 105.674
125.324 102.900
128.524 97.568
130.443 93.728
132.577 90.955
134.283 88.608
135.563 86.262
137.056 83.489
138.336 80.289
139.403 77.729
140.683 74.529
141.536 72.183
142.722 71.412
143.408 70.947
143.983 70.372
144.734 69.576
145.110 68.626
144.734 67.653
144.358 66.923
143.739 66.171
142.545 65.397
142.501 64.093
142.581 62.789
143.089 61.688
143.089 60.925
143.174 58.300
142.920 56.183
143.767 53.812
143.767 51.610
143.851 48.900
131.081 -2.274
132.618 0.673
132.805 4.051
134.494 7.615
136.558 10.805
137.683 13.807
137.871 16.621
138.997 19.623
140.310 21.686
140.685 26.001
142.186 29.003
142.186 32.568
143.124 35.757
143.499 39.322
143.875 42.324
143.875 45.889
130.478 -3.830
131.697 -4.638
135.673 -5.759
133.633 -5.263
140.142 -7.054
142.866 -8.277
145.644 -8.842
148.517 -10.725
151.248 -12.703
154.073 -15.199
156.003 -16.705
158.876 -19.389
160.153 -21.718
162.016 -24.280
163.879 -26.608
165.742 -28.937
167.139 -31.964
168.071 -34.060
169.934 -36.854
172.262 -39.183
173.892 -40.813
176.687 -42.210
178.216 -43.201
180.789 -43.845
183.254 -44.702
185.612 -46.095
187.434 -47.596
187.648 -49.954
187.755 -53.705
188.291 -56.384
189.577 -58.742
190.113 -60.350
191.292 -62.922
192.578 -65.709
193.757 -68.495
194.186 -71.604
193.650 -74.819
194.615 -78.141
175.215 -100.863
178.002 -99.363
180.789 -97.648
183.361 -97.005
185.826 -95.719
187.648 -94.754
189.684 -93.146
191.185 -91.324
192.042 -89.288
192.900 -87.359
193.757 -85.001
193.971 -82.214
194.186 -79.964
174.036 -104.186
174.036 -107.187
173.822 -110.616
173.179 -113.403
172.429 -116.511
172.214 -119.083
170.821 -123.263
151.108 -141.497
154.107 -140.407
158.196 -138.498
161.740 -136.318
163.103 -133.591
165.830 -131.138
168.283 -128.684
169.374 -125.958
149.473 -144.769
149.200 -148.313
148.110 -151.857
146.474 -155.128
145.384 -158.399
144.080 -160.792
143.227 -162.437
142.252 -164.327
141.520 -166.887
140.119 -168.776
138.656 -170.971
138.168 -173.287
139.875 -173.896
137.985 -172.433
141.033 -174.262
142.496 -175.054
143.958 -176.395
144.812 -177.187
145.360 -177.919
143.532 -179.747
141.764 -180.113
139.387 -180.113
135.791 -180.296
132.134 -180.235
128.660 -180.174
124.759 -179.991
121.163 -179.625
116.714 -179.564
112.142 -178.772
107.876 -178.041
103.900 -178.766
99.078 -178.766
94.427 -178.766
87.882 -178.249
84.093 -177.216
78.409 -177.216
69.969 -177.388
64.113 -177.388
58.773 -177.388
54.123 -177.388
0.920 -177.211
5.670 -177.211
12.002 -176.947
16.487 -176.947
23.611 -176.947
28.624 -177.739
34.429 -177.739
39.442 -177.211
44.455 -177.211
49.995 -177.211
-4.616 -178.280
-11.814 -177.523
-15.224 -177.523
-21.665 -177.523
-27.726 -177.144
-33.788 -177.144
-39.092 -177.144
-44.396 -176.386
-50.079 -176.007
-54.950 -175.493
-63.340 -174.466
-67.963 -174.637
-73.271 -174.637
-79.263 -174.295
-85.941 -173.610
-92.276 -173.610
-96.043 -173.610
-104.947 -173.781
-109.228 -173.781
-115.563 -173.781
-121.042 -173.781
-125.837 -174.124
-128.919 -174.295
-135.254 -174.637
-140.733 -174.809
-145.356 -174.809
-149.294 -174.809
-152.376 -174.124
-154.945 -173.952
-156.486 -169.501
-154.602 -167.788
-152.034 -166.590
-149.979 -166.076
-148.609 -164.877
-148.438 -162.823
-150.664 -159.570
-151.178 -157.001
-153.232 -151.693
-158.712 -133.372
-158.198 -137.824
-157.342 -140.564
-155.972 -145.015
-159.739 -130.975
-163.335 -128.920
-164.362 -127.379
-165.903 -123.784
-168.814 -120.702
-170.526 -119.161
-170.869 -116.078
-170.869 -112.140
-170.869 -108.545
-172.067 -104.606
-172.410 -102.038
-174.807 -98.442
-176.177 -96.559
-177.889 -95.189
-180.286 -94.162
-183.710 -92.449
-186.450 -91.593
-189.532 -89.196
-192.100 -86.799
-193.984 -83.717
-196.039 -80.635
-197.408 -78.923
-198.093 -75.156
-198.778 -71.389
-198.949 -68.649
-198.778 -64.369
-198.778 -61.287
-198.265 -57.862
-197.237 -53.924
-195.183 -51.356
-192.443 -48.102
-190.559 -46.390
-187.649 -45.363
-185.251 -44.164
-183.026 -40.568
-181.485 -38.171
-180.457 -34.404
-176.861 -31.322
-174.122 -28.069
-171.725 -26.014
-170.184 -22.419
-166.930 -19.508
-164.705 -17.453
-162.479 -15.227
-160.424 -12.316
-157.220 -10.163
-153.016 -6.310
-150.564 -3.507
-146.710 -2.106
-143.207 -0.004
-140.404 2.098
-137.602 3.149
-135.500 5.251
-136.169 7.723
-137.053 10.035
-138.209 12.619
-139.229 14.863
-139.297 17.039
-140.317 18.603
-141.201 20.371
-141.405 22.343
-142.085 24.655
-142.765 27.307
-143.241 30.095
-143.513 31.795
-143.853 33.767
-144.601 36.827
-144.601 38.867
-144.941 41.723
-145.417 43.083
-145.417 44.783
-145.553 46.483
-145.553 47.571
-145.621 49.475
-145.825 51.107
-146.981 51.447
-148.069 52.399
-148.613 53.759
-148.681 54.983
-148.477 56.751
-147.729 57.907
-146.573 60.015
-145.610 61.792
-145.045 64.757
-144.198 67.864
-143.633 70.547
-142.503 73.654
-141.938 75.914
-140.526 78.173
-139.255 82.128
-137.782 86.571
-132.699 93.963
-130.407 99.694
-128.115 104.851
-135.454 90.848
-131.174 97.526
-128.948 102.405
-125.866 107.285
-123.640 109.425
-120.730 111.907
-118.590 114.647
-115.165 117.729
-111.741 120.468
-109.772 122.351
-106.519 125.519
-103.608 127.830
-101.639 129.628
-98.814 132.196
-96.503 134.251
-94.620 135.877
-91.538 138.617
-88.798 140.072
-85.032 142.127
-80.067 144.609
-77.242 146.064
-73.817 147.605
-71.763 149.061
-67.482 150.516
-62.603 151.971
-60.120 153.512
-56.439 154.454
-53.529 155.310
-51.611 156.130
-48.371 157.881
-46.620 160.245
-45.657 162.871
-43.381 164.798
-41.630 165.848
-39.704 166.636
-36.902 166.899
-34.013 167.336
-31.649 167.424
-29.373 169.263
-26.922 171.626
-25.784 173.202
-24.996 174.165
-21.056 175.216
-18.955 175.303
-16.503 174.953
-13.964 174.515
-11.338 174.165
-8.711 174.253
-5.297 174.428
-2.758 174.866
-0.394 176.091
2.145 176.442
3.808 176.967
8.134 66.472
9.641 70.172
11.971 72.227
12.930 75.789
15.807 78.119
17.725 79.763
19.507 80.996
22.521 82.092
25.535 84.284
30.605 85.106
33.893 85.106
38.963 85.106
43.347 84.832
46.773 84.147
48.828 83.188
51.842 81.818
56.501 79.626
59.515 77.570
60.885 75.789
63.626 73.323
65.818 70.994
68.284 68.390
70.887 64.691
73.902 60.855
75.957 57.155
78.149 53.319
79.245 47.290
7.860 62.636
7.312 58.799
7.175 54.963
7.175 51.400
7.860 47.975
8.682 44.276
10.190 40.439
11.012 37.425
12.108 34.685
14.026 31.122
16.218 28.245
17.588 25.916
18.547 24.545
21.425 21.805
23.891 19.065
27.454 16.325
30.468 14.543
34.167 13.036
37.319 11.118
41.566 9.748
45.951 8.515
50.335 8.515
54.583 8.515
58.693 8.789
61.433 9.611
64.311 10.707
66.229 11.803
68.421 13.310
70.613 15.502
72.806 17.969
75.272 20.572
77.327 24.134
79.245 28.245
79.930 32.218
80.067 36.055
80.067 39.069
79.656 43.317
4.846 65.102
4.846 61.403
4.983 56.196
4.298 52.771
4.024 49.071
4.846 57.566
0.873 41.261
-0.224 38.384
-1.868 35.370
-3.649 30.985
-6.252 27.971
-8.445 24.957
-11.733 20.846
-62.155 24.408
-60.510 21.805
-58.318 19.476
-55.578 17.558
-53.112 15.913
-51.741 14.817
-48.316 13.173
-43.932 12.899
-41.465 12.488
-38.314 12.077
-33.792 12.077
-29.819 12.625
-25.708 13.584
-23.242 14.269
-20.502 15.776
-17.899 16.736
-15.432 18.517
-13.514 20.298
-63.114 26.327
-63.388 28.793
-64.484 30.574
-64.621 32.629
-65.443 34.685
-65.580 37.151
-66.402 41.124
-65.854 45.235
-65.306 48.523
-65.306 51.126
-64.895 53.867
-64.347 56.744
-63.114 58.936
-62.155 61.677
-61.196 64.417
-58.866 67.157
-56.537 69.350
-53.797 71.542
-51.878 74.145
-49.001 76.611
-47.357 78.530
-45.576 79.763
-42.972 81.407
-40.780 83.051
-38.588 84.010
-36.670 85.380
-32.559 86.339
-29.682 87.573
-26.942 87.573
-24.475 87.573
-21.872 87.573
-17.762 87.573
-15.021 87.162
-11.322 85.654
-8.856 84.695
-5.293 83.462
-3.786 81.270
-2.279 79.215
-0.361 76.748
0.873 74.145
2.517 70.994
3.339 68.664
4.983 63.595
4.846 59.484
4.846 54.963
7.175 57.018
7.175 60.718
7.997 64.554
8.956 68.390
4.298 66.746
4.298 50.989
7.038 53.045
7.449 49.756
8.134 46.331
3.339 47.564
2.654 45.509
1.969 43.043
9.230 42.357
7.142 59.745
7.498 61.801
7.972 63.580
4.927 62.710
4.809 60.496
4.848 58.637
7.142 57.965
7.063 56.027
4.571 53.971
7.063 54.050
7.023 52.112
4.255 51.875
4.215 50.056
7.221 50.570
7.616 48.870
3.662 48.316
4.888 56.976
4.888 62.157
4.927 64.371
7.972 65.518
4.571 65.993
3.820 67.733
8.605 67.377
2.162 45.312
137.900 -6.420
