-103.592 -54.663
-106.995 -51.118
-111.815 -45.447
-114.651 -41.477
-119.188 -36.798
-122.733 -32.119
-126.986 -25.881
-130.814 -20.209
-133.933 -13.971
-135.918 -7.874
-138.896 -2.203
-142.015 7.297
-144.425 17.080
-144.851 22.325
-147.545 30.407
-148.112 42.175
-147.970 51.533
-147.119 59.756
-146.977 68.405
-145.276 78.330
-143.575 82.441
-140.172 91.799
-139.463 97.612
-135.351 106.403
-131.098 114.201
-128.120 121.006
-124.717 127.670
-120.039 133.625
-113.233 139.863
-105.719 147.661
-96.786 155.176
-87.996 163.258
-78.922 168.929
-73.109 171.481
-66.445 174.175
-59.214 177.861
-50.990 182.824
-40.924 186.652
-35.394 188.211
-26.604 189.629
-16.537 190.480
-8.881 190.905
0.193 191.472
8.275 192.039
18.908 191.331
25.005 191.331
32.378 188.637
40.885 186.652
50.951 182.824
61.727 178.995
67.398 175.734
75.480 170.347
84.837 166.377
89.658 162.832
95.896 159.429
102.986 152.198
108.515 145.393
114.895 137.595
119.432 133.058
122.693 128.663
125.170 124.389
128.031 120.096
129.360 117.745
130.791 114.679
132.733 110.489
136.004 104.970
138.150 98.531
139.479 94.851
142.545 88.003
143.771 84.119
144.660 79.273
145.642 74.162
147.019 68.854
147.412 62.957
147.608 56.076
148.395 48.999
148.395 42.905
148.198 36.024
147.215 27.178
145.814 20.633
145.050 15.090
144.189 12.318
142.851 6.297
140.749 2.665
139.028 -2.210
137.308 -7.084
135.014 -12.436
132.911 -16.068
130.809 -20.178
128.589 -23.815
125.998 -27.742
123.157 -31.503
121.067 -34.846
118.895 -38.523
116.805 -41.197
113.797 -44.874
111.290 -47.715
108.114 -50.306
105.858 -52.980
103.685 -55.237
101.930 -57.744
103.936 -62.173
105.607 -65.098
107.446 -68.608
108.866 -71.115
110.454 -73.872
112.069 -78.083
114.711 -82.234
116.220 -86.763
116.598 -90.537
117.353 -95.444
119.240 -99.595
120.749 -102.992
121.504 -107.898
121.881 -111.672
122.259 -115.823
122.636 -118.465
125.656 -121.485
129.430 -124.504
132.449 -128.655
133.958 -132.052
134.825 -134.976
135.641 -137.949
135.058 -142.205
134.009 -145.062
132.785 -146.869
131.735 -149.376
129.812 -151.300
127.538 -153.573
125.614 -154.972
123.632 -156.372
121.650 -157.013
119.376 -158.295
116.520 -158.179
111.622 -158.295
109.582 -157.246
107.542 -156.372
105.501 -155.206
102.761 -153.398
100.837 -153.398
98.797 -154.972
97.106 -155.789
94.424 -156.488
91.743 -157.421
88.886 -158.004
86.729 -158.587
84.980 -160.453
84.416 -163.241
83.992 -166.293
84.077 -169.006
83.992 -172.566
83.823 -175.025
84.247 -177.653
84.755 -179.773
86.705 -181.129
88.231 -181.383
89.842 -182.062
91.114 -183.333
91.622 -184.859
91.368 -187.148
89.757 -188.674
88.231 -189.776
86.281 -190.285
83.484 -190.031
80.686 -190.370
78.312 -190.539
75.260 -190.624
72.463 -190.624
68.478 -190.624
63.985 -190.624
61.441 -190.624
58.305 -190.285
53.472 -190.624
49.911 -190.624
46.520 -190.709
43.044 -190.370
38.297 -190.624
34.889 -190.458
30.891 -190.458
29.199 -189.997
24.125 -190.151
20.126 -190.151
14.590 -190.151
9.977 -190.458
7.055 -190.458
1.980 -190.458
-5.555 -190.458
-10.476 -190.458
-17.857 -190.458
-23.393 -189.843
-30.160 -190.305
-34.312 -190.151
-40.924 -189.997
-45.999 -189.997
-49.229 -189.843
-53.073 -189.536
-58.917 -189.382
-63.991 -189.228
-67.528 -189.074
-74.602 -189.074
-81.369 -188.459
-86.443 -187.998
-91.211 -187.998
-93.825 -186.768
-96.439 -185.230
-96.747 -182.462
-95.978 -181.231
-94.594 -180.309
-93.210 -179.847
-90.288 -179.079
-90.002 -176.268
-90.002 -173.122
-89.760 -169.976
-89.760 -166.831
-90.002 -164.411
-89.760 -160.056
-89.760 -156.668
-89.760 -153.764
-90.244 -151.345
-92.421 -149.409
-93.873 -149.167
-96.051 -148.683
-98.713 -147.957
-100.648 -147.715
-102.584 -147.231
-103.794 -148.199
-105.488 -150.135
-108.633 -151.829
-111.295 -152.555
-113.957 -153.038
-118.312 -153.038
-121.942 -153.038
-124.119 -153.038
-125.571 -152.071
-128.233 -150.619
-131.378 -149.167
-133.314 -146.747
-136.218 -144.328
-137.670 -141.182
-138.396 -138.036
-139.122 -134.649
-139.122 -129.083
-137.428 -125.696
-136.702 -122.308
-134.282 -119.889
-133.072 -118.437
-130.653 -116.259
-128.959 -115.775
-104.609 -58.251
-107.104 -61.459
-109.600 -64.668
-110.313 -68.233
-113.521 -71.085
-115.660 -75.007
-118.513 -79.641
-120.652 -83.919
-121.721 -87.841
-124.217 -92.475
-125.286 -97.110
-125.999 -101.745
-127.069 -105.666
-128.495 -108.518
-128.851 -112.796
-91.524 -179.521
-88.266 -188.113
-92.658 -187.461
0.780 121.940
-3.012 120.613
-6.993 118.338
-12.112 117.390
-16.852 113.978
-19.695 111.323
-23.297 109.048
-27.468 105.067
-31.450 102.223
-35.431 98.811
-38.843 96.157
-41.118 93.123
-43.772 89.900
-46.237 85.350
-50.029 82.317
-52.683 79.284
-54.768 73.786
-56.664 70.184
-57.991 65.634
-60.456 60.515
-60.835 56.154
-60.835 52.363
-61.025 47.813
-60.456 44.210
-60.266 40.988
-60.077 37.006
-59.318 33.215
-58.181 29.423
-57.423 26.010
-55.527 22.787
-55.148 19.185
-52.873 17.290
-50.218 12.929
-48.133 9.896
-47.375 8.000
-45.100 5.156
-41.308 1.744
-37.895 -1.669
-35.620 -4.323
-32.966 -7.546
-29.364 -9.631
-25.762 -11.527
-22.539 -14.561
-18.558 -16.836
-14.577 -19.111
-11.164 -20.817
-7.751 -22.713
-3.770 -24.609
-1.116 -26.125
2.865 -27.263
6.657 -27.073
10.069 -25.367
13.482 -22.902
16.326 -21.765
19.169 -19.111
22.582 -17.594
25.615 -13.802
28.649 -11.148
31.492 -8.304
33.767 -4.702
36.422 -2.048
39.834 1.554
42.488 4.587
44.953 9.137
47.986 11.792
50.640 15.394
53.105 19.565
54.622 24.304
56.518 27.527
58.034 31.698
59.172 34.731
59.361 38.523
60.688 42.694
60.878 45.538
60.878 50.088
4.192 120.803
7.036 119.475
9.880 117.769
12.344 114.736
15.757 113.598
19.359 110.755
23.151 109.048
27.511 104.877
30.924 102.034
33.957 99.569
37.559 95.398
41.540 91.227
44.195 89.142
45.143 86.488
47.797 83.454
50.072 80.611
51.968 77.009
54.622 73.406
55.759 69.615
57.845 66.013
58.793 62.221
60.309 58.619
60.499 55.396
