-0.52396 0.289656
-0.499178 0.292946
-0.484259 0.302573
-0.48627 0.337364
-0.458756 0.32732
-0.457579 0.362486
-0.439735 0.365662
-0.424138 0.37474
-0.408546 0.376454
-0.387135 0.35801
-0.373919 0.35333
-0.358721 0.349746
-0.342546 0.37817
-0.329586 0.358957
-0.308776 0.37686
-0.299639 0.351867
-0.279247 0.357087
-0.267759 0.340619
-0.258903 0.321446
-0.249467 0.302551
-0.210485 0.309985
-0.224614 0.274992
-0.188527 0.277099
-0.196274 0.251958
-0.187605 0.237958
-0.173074 0.22614
-0.170131 0.212498
-0.161153 0.184727
-0.149489 0.214326
-0.126942 0.20374
-0.117432 0.225656
-0.10277 0.234434
-0.0891178 0.245201
-0.0735266 0.246272
-0.0542536 0.228935
-0.0399585 0.238455
-0.0243748 0.248215
-0.00917728 0.216829
0.0081517 0.256081
0.023446 0.242658
0.036204 0.226342
0.0527691 0.240152
0.0617508 0.208417
0.0811969 0.21663
0.0972584 0.216583
0.111267 0.207599
0.131755 0.231009
0.145936 0.217756
0.157143 0.198251
0.172414 0.195457
0.192293 0.205129
0.202919 0.185612
0.215683 0.170408
0.234939 0.187658
0.243948 0.162241
0.262278 0.162859
0.280963 0.187764
0.29264 0.149179
0.309972 0.185177
0.325169 0.166819
0.340367 0.168619
0.355035 0.176071
0.368114 0.187007
0.382479 0.194213
0.397799 0.196636
0.41168 0.198611
0.434204 0.180043
0.443227 0.209619
0.465224 0.178657
0.486978 0.206261
0.482521 0.177203
0.461518 0.167944
0.453141 0.152303
0.427099 0.148842
0.429774 0.123516
0.417237 0.108623
0.412956 0.0871235
0.388684 0.0822243
0.36964 0.0727447
0.368393 0.0445089
0.356506 0.0282112
0.326097 0.0350687
0.313869 0.0201803
0.309247 -0.00536956
0.295479 -0.0168715
0.266903 -0.00369419
0.254671 -0.014415
0.243787 -0.0286146
0.236401 -0.0530893
0.216509 -0.0548302
0.197162 -0.0439066
0.187354 -0.0681171
0.163457 -0.0359086
0.150791 -0.0516046
0.140777 -0.0805669
0.121539 -0.0634852
0.108193 -0.082192
0.0929057 -0.0843219
0.0766423 -0.0735583
0.0555962 -0.065185
0.0799787 -0.0808858
0.0585365 -0.1031
0.0545018 -0.124109
0.075109 -0.133607
0.106216 -0.136391
0.115402 -0.151554
0.0945988 -0.180087
0.11802 -0.187069
0.115555 -0.213378
0.148795 -0.212975
0.130986 -0.248164
0.164675 -0.248126
0.182202 -0.260994
0.189062 -0.284808
0.207616 -0.292898
0.217886 -0.310004
0.246045 -0.29752
0.257848 -0.312297
0.274201 -0.317117
0.290334 -0.317577
0.302513 -0.333477
0.309279 -0.361724
0.334023 -0.335552
0.337888 -0.363747
0.332957 -0.361913
0.322266 -0.35883
0.313545 -0.394253
0.288604 -0.358671
0.280153 -0.387442
0.263158 -0.384435
0.245488 -0.382199
0.237291 -0.408785
0.21831 -0.40214
0.206861 -0.423142
0.19002 -0.415299
0.17009 -0.405456
0.159355 -0.423511
0.147982 -0.442457
0.125345 -0.416776
0.115727 -0.447715
0.0982169 -0.437539
0.08233 -0.444959
0.0676073 -0.438927
0.0486423 -0.424078
0.0833404 -0.405144
0.0798692 -0.391583
0.0457077 -0.378476
0.0570948 -0.362523
0.0493056 -0.348276
0.0785843 -0.324582
0.0602823 -0.312127
0.0304191 -0.307895
0.020191 -0.296481
0.00788782 -0.283099
0.0193035 -0.247372
-0.00494509 -0.251994
-0.00433687 -0.214791
-0.0309689 -0.233059
-0.0456244 -0.230762
-0.0610984 -0.233007
-0.0740279 -0.207063
-0.0898865 -0.213739
-0.103215 -0.208275
-0.118467 -0.210702
-0.132602 -0.201044
-0.155694 -0.224563
-0.16899 -0.210568
-0.190116 -0.219309
-0.189575 -0.177782
-0.217923 -0.193393
-0.229762 -0.178281
-0.233458 -0.151417
-0.255936 -0.14869
-0.26491 -0.128472
-0.287595 -0.122334
-0.304393 -0.111569
-0.313853 -0.0965773
-0.299065 -0.0670356
-0.327979 -0.0631197
-0.325192 -0.0438253
-0.316442 -0.0245412
-0.34542 -0.0170545
-0.328239 0.00345755
-0.336495 0.0164075
-0.33037 0.0325125
-0.325696 0.0461066
-0.364258 0.0613042
-0.367935 0.0743855
-0.359964 0.0906734
-0.343801 0.106897
-0.358414 0.121222
-0.332536 0.141313
-0.357177 0.152046
-0.364819 0.166778
-0.353986 0.1861
-0.35481 0.206053
-0.394562 0.204542
-0.380004 0.234813
-0.387342 0.256146
-0.427611 0.244607
-0.438945 0.253324
-0.450109 0.265966
-0.458893 0.296621
-0.47792 0.273505
-0.493727 0.270397
-0.507658 0.292394
-0.508436 0.297608
