-0.453557 0.132425
-0.444648 0.159151
-0.429058 0.185877
-0.417922 0.203694
-0.373379 0.257147
-0.257566 0.335098
-0.239748 0.339552
-0.195205 0.350688
-0.177388 0.352915
-0.15957 0.348461
-0.132844 0.346233
-0.0526661 0.326189
-0.0170313 0.315053
0.00301323 0.375187
0.0431023 0.473182
0.0854186 0.497681
0.0943273 0.497681
0.103236 0.497681
0.127735 0.482091
0.136644 0.475409
0.152234 0.459819
0.158915 0.442002
0.127735 0.415276
0.118826 0.408594
0.0854186 0.366278
0.129962 0.306144
0.174505 0.321735
0.219049 0.328416
0.236866 0.328416
0.245775 0.328416
0.299227 0.315053
0.308136 0.310599
0.317044 0.303917
0.39945 0.228193
0.428403 0.174741
0.439539 0.139107
0.439539 0.130198
0.439539 0.0589283
0.435085 0.0322023
0.428403 -0.00343246
0.423949 -0.0123412
0.408358 -0.0568846
0.392768 -0.0925193
0.354906 -0.145971
0.337089 -0.172697
0.319272 -0.199424
0.297 -0.243967
0.285864 -0.279602
0.283637 -0.28851
0.272501 -0.333054
0.263592 -0.368689
0.223503 -0.466684
0.214595 -0.473366
0.187868 -0.488956
0.170051 -0.500092
0.161142 -0.502319
0.125508 -0.502319
0.0631469 -0.486729
0.0542382 -0.480047
0.0186034 -0.460003
-0.00812263 -0.453321
-0.02594 -0.457775
-0.0793921 -0.486729
-0.0972095 -0.49341
-0.106118 -0.495637
-0.123936 -0.497865
-0.141753 -0.497865
-0.264247 -0.397642
-0.266475 -0.388733
-0.279838 -0.362007
-0.313245 -0.299646
-0.331062 -0.27292
-0.34888 -0.246194
-0.377833 -0.201651
-0.422377 -0.121473
-0.426831 -0.112564
-0.431285 -0.103655
-0.43574 -0.0947465
-0.449103 -0.0502031
-0.453557 -0.0412944
-0.460238 0.0299751
-0.460238 0.0388838
-0.460238 0.0477925
-0.460238 0.0567012
-0.460238 0.110153
