-0.512874 -0.117598
-0.503435 -0.106918
-0.491979 -0.0965216
-0.481148 -0.0876018
-0.470125 -0.0767193
-0.462117 -0.0691753
-0.451542 -0.0619003
-0.439585 -0.0570947
-0.429451 -0.0510341
-0.418199 -0.0450345
-0.406496 -0.0421362
-0.396274 -0.0339427
-0.385213 -0.0317447
-0.374142 -0.0312176
-0.363177 -0.0326859
-0.352162 -0.0295219
-0.341192 -0.0341738
-0.330236 -0.0339931
-0.31916 -0.0370923
-0.311459 -0.0252687
-0.307435 -0.0143784
-0.31829 -0.00856407
-0.314337 0.0002847
-0.307307 0.00931203
-0.314636 0.0168594
-0.326101 0.0157237
-0.32786 0.0268677
-0.31872 0.0357519
-0.329055 0.0418058
-0.327104 0.052845
-0.319209 0.0618855
-0.308596 0.0690098
-0.297814 0.0757962
-0.286786 0.0840011
-0.292209 0.0937619
-0.30371 0.097631
-0.314548 0.104264
-0.324072 0.109724
-0.334484 0.117087
-0.345674 0.127775
-0.357322 0.138215
-0.363339 0.149647
-0.368861 0.161153
-0.373687 0.171856
-0.378879 0.182535
-0.379798 0.193789
-0.382024 0.204747
-0.384201 0.215715
-0.387849 0.226499
-0.383855 0.237214
-0.383879 0.248525
-0.382472 0.25935
-0.380336 0.270281
-0.377689 0.281155
-0.375448 0.292024
-0.370924 0.302843
-0.367886 0.314314
-0.366035 0.325381
-0.360176 0.335747
-0.354976 0.347396
-0.350394 0.358228
-0.345724 0.369088
-0.339638 0.380358
-0.33304 0.391312
-0.325886 0.401931
-0.319496 0.413058
-0.308418 0.421159
-0.301353 0.41309
-0.300795 0.401468
-0.293656 0.390581
-0.285591 0.380507
-0.278841 0.36974
-0.271214 0.357964
-0.262373 0.347047
-0.251456 0.336027
-0.240094 0.325459
-0.230069 0.313478
-0.218698 0.305125
-0.207884 0.296164
-0.19609 0.288429
-0.185899 0.278623
-0.175067 0.27157
-0.163357 0.269037
-0.152651 0.266186
-0.141958 0.269081
-0.130715 0.272535
-0.120151 0.277734
-0.108926 0.283741
-0.098418 0.290975
-0.0896389 0.297348
-0.077518 0.307
-0.0665997 0.315824
-0.0552733 0.326489
-0.0447186 0.337865
-0.034861 0.349871
-0.0264233 0.361135
-0.0145465 0.371295
-0.00282354 0.379127
0.00742498 0.388797
0.0179536 0.396104
0.0299026 0.400856
0.0405468 0.405598
0.051144 0.409028
0.062305 0.412674
0.073226 0.413577
0.084191 0.41375
0.095102 0.412358
0.106128 0.410746
0.117083 0.408511
0.121278 0.402067
0.110295 0.404999
0.0999329 0.395068
0.0953069 0.384349
0.0935728 0.374039
0.104161 0.374837
0.114815 0.380202
0.12581 0.384513
0.136338 0.389992
0.147544 0.393983
0.158665 0.395791
0.169804 0.396671
0.180682 0.398863
0.191715 0.398233
0.20262 0.395386
0.213211 0.390346
0.224245 0.382093
0.223136 0.370582
0.211217 0.367187
0.200883 0.359741
0.190965 0.349703
0.186081 0.338692
0.184407 0.327508
0.183128 0.316468
0.189694 0.308267
0.200307 0.31021
0.211528 0.313859
0.222786 0.317724
0.233346 0.3251
0.24403 0.328623
0.255162 0.330395
0.266865 0.330081
0.264971 0.320184
0.253629 0.311194
0.242347 0.305011
0.230543 0.29983
0.220187 0.292248
0.212135 0.283205
0.211083 0.272406
0.221817 0.262637
0.233364 0.261837
0.244071 0.258355
0.25513 0.256051
0.26612 0.258101
0.277052 0.259997
0.288306 0.260747
0.299019 0.264062
0.310397 0.267343
0.320505 0.273615
0.331774 0.279581
0.343091 0.283297
0.354192 0.291836
0.364976 0.296506
0.376127 0.302711
0.386804 0.307678
0.397597 0.314534
0.408516 0.32119
0.419127 0.328359
0.430138 0.334737
0.442343 0.341857
0.452489 0.351622
0.460892 0.362904
0.470168 0.371334
0.477561 0.360681
0.480673 0.349173
0.48432 0.338441
0.482327 0.327278
0.485567 0.316417
0.486281 0.305446
0.485677 0.294481
0.484469 0.283619
0.483614 0.272491
0.479994 0.261812
0.477982 0.250903
0.473733 0.240058
0.46812 0.228614
0.464489 0.217275
0.457356 0.206513
0.448313 0.195727
0.439412 0.184869
0.42905 0.173306
0.417384 0.163011
0.410384 0.152154
0.408635 0.140996
0.406695 0.129967
0.402353 0.118989
0.399539 0.108166
0.398726 0.09702
0.3982 0.086107
0.39493 0.075183
0.398043 0.0642693
0.399601 0.0531773
0.402482 0.0424323
0.411547 0.0319258
0.422438 0.0230357
0.425222 0.0160788
0.418289 0.00660301
0.409883 -0.00367923
0.416417 -0.0150337
0.407394 -0.0215422
0.411248 -0.0322148
0.410416 -0.043238
0.409693 -0.053856
0.404076 -0.0649939
0.39649 -0.0760289
0.402823 -0.0864996
0.410707 -0.0904021
0.420288 -0.0810895
0.430503 -0.0714401
0.441699 -0.0675359
0.452629 -0.0653365
0.463582 -0.065119
0.474802 -0.0671473
0.475282 -0.0762753
0.470681 -0.0871988
0.470806 -0.0978347
0.479402 -0.108697
0.484908 -0.120224
0.487615 -0.130938
0.481306 -0.140099
0.469841 -0.139099
0.46426 -0.148536
0.470876 -0.158965
0.479836 -0.169799
0.485529 -0.181396
0.478782 -0.192103
0.468081 -0.19286
0.459772 -0.197106
0.459644 -0.207625
0.464676 -0.21835
0.46611 -0.229608
0.464809 -0.240511
0.463065 -0.25152
0.464385 -0.262805
0.456965 -0.271075
0.44899 -0.263849
0.436714 -0.254594
0.426238 -0.249681
0.415574 -0.250409
0.407149 -0.254307
0.402187 -0.264735
0.398153 -0.27584
0.393448 -0.286678
0.388661 -0.297482
0.385737 -0.309138
0.378888 -0.320136
0.368243 -0.329799
0.363686 -0.342254
0.351564 -0.352278
0.340997 -0.36364
0.330338 -0.374974
0.318334 -0.382422
0.308294 -0.390332
0.296369 -0.397572
0.285843 -0.402681
0.275517 -0.410548
0.263919 -0.41361
0.253155 -0.418499
0.242146 -0.422826
0.231329 -0.425517
0.22031 -0.429721
0.209068 -0.430782
0.198155 -0.433233
0.187421 -0.436584
0.176301 -0.438021
0.165331 -0.43905
0.154427 -0.43859
0.143313 -0.43928
0.132437 -0.44139
0.121472 -0.43975
0.110507 -0.439525
0.09959 -0.440654
0.0885085 -0.442019
0.077612 -0.444453
0.0667484 -0.441338
0.0556822 -0.4431
0.0447173 -0.441568
0.0337524 -0.441945
0.0227874 -0.441468
0.0118225 -0.441214
0.000869388 -0.442242
-0.0103275 -0.441269
-0.021021 -0.437458
-0.0319657 -0.437254
-0.0430039 -0.435792
-0.0538917 -0.433213
-0.0650841 -0.432157
-0.0760897 -0.430167
-0.0870429 -0.427916
-0.0979054 -0.425082
-0.109013 -0.421179
-0.119979 -0.418987
-0.130976 -0.41449
-0.141633 -0.409289
-0.152985 -0.408136
-0.163537 -0.400534
-0.174291 -0.395724
-0.185308 -0.389249
-0.196502 -0.385325
-0.208059 -0.379602
-0.218336 -0.369766
-0.229365 -0.367389
-0.240253 -0.368406
-0.251481 -0.371821
-0.262364 -0.37641
-0.272623 -0.38206
-0.284019 -0.389992
-0.295309 -0.39798
-0.304048 -0.396417
-0.309891 -0.38509
-0.313104 -0.374414
-0.312032 -0.363413
-0.311496 -0.352449
-0.312466 -0.341536
-0.307172 -0.33087
-0.305916 -0.319626
-0.301708 -0.308615
-0.296369 -0.297489
-0.303392 -0.287702
-0.314988 -0.288288
-0.325719 -0.291643
-0.336886 -0.295382
-0.347474 -0.302722
-0.359212 -0.305673
-0.369779 -0.315139
-0.381142 -0.323413
-0.391852 -0.332526
-0.402076 -0.344252
-0.413548 -0.355593
-0.422857 -0.348359
-0.424052 -0.336992
-0.425869 -0.325952
-0.428149 -0.315087
-0.428774 -0.304184
-0.431609 -0.293197
-0.426865 -0.282246
-0.423991 -0.271536
-0.417565 -0.260684
-0.407168 -0.249232
-0.395529 -0.241386
-0.384019 -0.234083
-0.393368 -0.226539
-0.404876 -0.223231
-0.415809 -0.224077
-0.426814 -0.223465
-0.437739 -0.22016
-0.448795 -0.22214
-0.459544 -0.224326
-0.470566 -0.225484
-0.481623 -0.229381
-0.49303 -0.227761
-0.489202 -0.216831
-0.485503 -0.205799
-0.476792 -0.194891
-0.467753 -0.184205
-0.456708 -0.173607
-0.44632 -0.166319
-0.436197 -0.156157
-0.4251 -0.151841
-0.414048 -0.14519
-0.401681 -0.14491
-0.403399 -0.133574
-0.413948 -0.127429
-0.424633 -0.124638
-0.435452 -0.121233
-0.446605 -0.123138
-0.457476 -0.118669
-0.468604 -0.121371
-0.479406 -0.125033
-0.49037 -0.122017
-0.501348 -0.124517
-0.511756 -0.119624
