-0.455861 -0.343644
-0.451407 -0.334735
-0.415772 -0.290192
-0.406863 -0.285737
-0.397954 -0.279056
-0.371228 -0.265693
-0.36232 -0.261239
-0.344502 -0.254557
-0.317776 -0.243421
-0.299959 -0.201105
-0.299959 -0.183288
-0.299959 -0.16547
-0.299959 -0.147653
-0.299959 -0.129835
-0.299959 -0.103109
-0.299959 -0.0942006
-0.299959 -0.0763833
-0.299959 -0.0674746
-0.299959 -0.0496572
-0.295505 -0.0407485
-0.284369 0.0216123
-0.277687 0.0394296
-0.271006 0.057247
-0.266551 0.0661557
-0.262097 0.0750644
-0.257643 0.0839731
-0.219781 0.137425
-0.213099 0.146334
-0.197509 0.164151
-0.1886 0.17306
-0.184146 0.181969
-0.166329 0.199786
-0.15742 0.208695
-0.152966 0.217603
-0.146284 0.235421
-0.150738 0.244329
-0.159647 0.253238
-0.168556 0.257692
-0.204191 0.271055
-0.213099 0.27551
-0.222008 0.277737
-0.228689 0.293327
-0.224235 0.302236
-0.215326 0.311145
-0.197509 0.320053
-0.1886 0.32228
-0.179692 0.324508
-0.161874 0.328962
-0.135148 0.328962
-0.0193353 0.311145
-0.0104266 0.308917
-0.00151796 0.308917
0.0162994 0.308917
0.0252081 0.304463
0.0341168 0.304463
0.0519342 0.304463
0.0608428 0.304463
0.0697515 0.304463
0.0964776 0.304463
0.105386 0.304463
0.123204 0.304463
0.176656 0.304463
0.194473 0.300009
0.203382 0.297782
0.230108 0.295554
0.239017 0.293327
0.256834 0.2911
0.265743 0.288873
0.274651 0.286646
0.28356 0.284419
0.301377 0.279964
0.319195 0.273283
0.354829 0.264374
0.363738 0.25992
0.381556 0.251011
0.408282 0.235421
0.41719 0.228739
0.423872 0.219831
0.430553 0.210922
0.443916 0.184196
0.448371 0.175287
0.457279 0.168606
0.484005 0.161924
0.492914 0.159697
0.501823 0.155243
0.51964 0.148561
0.539685 0.124062
0.539685 0.115153
0.537458 0.108472
0.530776 0.10179
0.521867 0.0995633
0.512959 0.0951089
0.486233 0.0951089
0.477324 0.0951089
0.468415 0.0906546
0.459507 0.0906546
0.414963 0.0862002
0.397146 0.0817459
0.388237 0.0817459
0.379328 0.0795187
0.343694 0.0750644
0.334785 0.07061
0.325876 0.0594742
0.334785 0.0416568
0.337012 0.0327481
0.339239 0.0238394
0.325876 -0.00511378
0.308059 0.00156773
0.29915 0.00824924
0.290242 0.0127036
0.281333 0.0193851
0.254607 0.0349753
0.245698 0.0394296
0.210063 0.0416568
0.201155 0.0349753
0.1967 0.0260666
0.167747 -0.0184768
0.158838 -0.0273855
0.14993 -0.0362942
0.141021 -0.0407485
0.132112 -0.04743
0.123204 -0.0541116
0.105386 -0.0630202
0.076433 -0.020704
0.0808874 -0.00288661
0.0831146 0.00602207
0.0742059 0.0104764
0.0563885 0.00156773
0.0474798 -0.000659442
0.0296624 -0.00734096
-0.0237897 -0.0318398
-0.0326984 -0.0362942
-0.041607 -0.0407485
-0.0505157 -0.0452029
-0.0683331 -0.0541116
-0.130694 -0.098655
-0.155193 -0.123154
-0.177465 -0.14988
-0.181919 -0.158789
-0.186373 -0.167697
-0.193055 -0.176606
-0.197509 -0.185515
-0.201963 -0.194423
-0.206418 -0.203332
-0.210872 -0.221149
-0.184146 -0.256784
-0.15742 -0.265693
-0.112877 -0.28351
-0.0950592 -0.294646
-0.0861505 -0.2991
-0.0772418 -0.308009
-0.0683331 -0.316918
-0.0616516 -0.325826
-0.0549701 -0.334735
-0.0482886 -0.361461
-0.0549701 -0.363688
-0.0995135 -0.359234
-0.12624 -0.359234
-0.152966 -0.359234
-0.161874 -0.359234
-0.170783 -0.359234
-0.179692 -0.359234
-0.1886 -0.359234
-0.206418 -0.359234
-0.215326 -0.359234
-0.224235 -0.359234
-0.250961 -0.352553
-0.268779 -0.357007
-0.277687 -0.359234
-0.304413 -0.359234
-0.322231 -0.35478
-0.340048 -0.35478
-0.348957 -0.35478
-0.357865 -0.35478
-0.375683 -0.359234
-0.429135 -0.365916
-0.438044 -0.37037
-0.460315 -0.365916
-0.460315 -0.357007
