-0.435205 -0.344657
-0.430397 -0.329175
-0.419066 -0.312024
-0.405707 -0.293076
-0.388441 -0.279504
-0.373376 -0.263791
-0.358484 -0.248655
-0.335282 -0.251021
-0.314014 -0.255897
-0.299435 -0.237851
-0.276531 -0.234397
-0.267562 -0.211208
-0.272835 -0.192195
-0.27992 -0.175573
-0.274175 -0.157756
-0.271115 -0.139939
-0.272694 -0.122121
-0.288775 -0.104304
-0.293873 -0.0864864
-0.271485 -0.068669
-0.279453 -0.0512332
-0.267678 -0.034317
-0.272493 -0.0159068
-0.270112 0.00171772
-0.278576 0.023341
-0.270605 0.0407567
-0.263136 0.0579329
-0.258796 0.0786953
-0.236895 0.0898134
-0.232731 0.111995
-0.213357 0.125537
-0.20557 0.147536
-0.191704 0.165293
-0.175924 0.184876
-0.149131 0.191046
-0.141479 0.217575
-0.136677 0.235459
-0.142616 0.24588
-0.154469 0.259345
-0.169718 0.270083
-0.190527 0.26879
-0.200464 0.289784
-0.217299 0.301762
-0.202628 0.3245
-0.18361 0.33725
-0.163109 0.335519
-0.143371 0.327766
-0.12665 0.338253
-0.108833 0.331551
-0.0910154 0.331221
-0.073198 0.340002
-0.054606 0.340948
-0.0378962 0.328926
-0.0224319 0.316914
-0.00212179 0.318075
0.0162385 0.322249
0.033742 0.316923
0.0522977 0.318465
0.0693409 0.319841
0.0871583 0.300974
0.104976 0.308375
0.122793 0.312608
0.14061 0.303406
0.158428 0.303943
0.176245 0.323438
0.195131 0.320855
0.210207 0.298769
0.22948 0.303763
0.248264 0.309262
0.267493 0.312609
0.283806 0.299215
0.300966 0.292128
0.320135 0.292016
0.336849 0.281789
0.353673 0.273558
0.371317 0.269604
0.38637 0.255812
0.408713 0.255772
0.419728 0.235644
0.449663 0.234214
0.451038 0.208955
0.461728 0.192179
0.473586 0.17454
0.490598 0.164243
0.509399 0.164449
0.526849 0.157291
0.540836 0.148033
0.557313 0.139298
0.558183 0.12262
0.550628 0.106424
0.528825 0.111314
0.512548 0.0957119
0.49405 0.108353
0.479479 0.0881049
0.457889 0.10372
0.440979 0.0987283
0.424079 0.0867463
0.406223 0.0863613
0.387219 0.0882555
0.369665 0.0846196
0.352987 0.0770859
0.340519 0.0674812
0.344617 0.0465687
0.359682 0.0319274
0.358465 0.0128844
0.341291 0.0143487
0.32559 0.00953272
0.310711 0.0253181
0.292125 0.0352236
0.272034 0.0427292
0.251316 0.0401223
0.236244 0.0546777
0.215874 0.045133
0.215573 0.0215519
0.191867 0.0116145
0.188504 -0.0136679
0.166955 -0.0281006
0.148686 -0.0385004
0.126614 -0.042388
0.114434 -0.0666351
0.10244 -0.0468377
0.0986069 -0.0384138
0.0851925 -0.0203166
0.0914517 -0.00239526
0.108039 0.0203728
0.0839539 0.00684332
0.0641526 0.00901202
0.0454842 0.00459983
0.0334221 -0.0158716
0.0131671 -0.0186821
-0.00395249 -0.0289864
-0.0256448 -0.0301454
-0.0409102 -0.0439175
-0.0543252 -0.0618944
-0.071653 -0.0729642
-0.0986568 -0.0733284
-0.114502 -0.0894413
-0.13945 -0.0994264
-0.137409 -0.128191
-0.166323 -0.13765
-0.161668 -0.164076
-0.173114 -0.181719
-0.199736 -0.19165
-0.198412 -0.212826
-0.197278 -0.233159
-0.170518 -0.235252
-0.153606 -0.240032
-0.138582 -0.254164
-0.125836 -0.274366
-0.107261 -0.277953
-0.08872 -0.284099
-0.0721901 -0.295718
-0.0490517 -0.307578
-0.0418973 -0.3297
-0.0175471 -0.346015
-0.0338765 -0.366896
-0.0560629 -0.357062
-0.073198 -0.340077
-0.0910154 -0.363467
-0.108833 -0.346067
-0.12665 -0.343075
-0.144468 -0.3425
-0.162285 -0.349105
-0.180102 -0.349367
-0.197381 -0.342859
-0.215526 -0.348165
-0.233554 -0.335172
-0.250777 -0.35248
-0.26924 -0.3507
-0.28733 -0.354143
-0.303472 -0.336086
-0.322641 -0.341296
-0.341533 -0.338339
-0.359586 -0.340875
-0.375311 -0.357871
-0.394224 -0.354297
-0.413456 -0.348951
-0.429525 -0.362125
-0.436842 -0.353828
