-0.413869 0.0946675
-0.401964 0.113715
-0.385297 0.12562
-0.36625 0.12562
-0.347202 0.120858
-0.328154 0.118477
-0.309107 0.111334
-0.290059 0.0994294
-0.271012 0.0875247
-0.251964 0.0780009
-0.232916 0.0684771
-0.213869 0.0589533
-0.194821 0.0518104
-0.175774 0.0470485
-0.156726 0.0470485
-0.137678 0.0470485
-0.118631 0.0518104
-0.0995831 0.0541914
-0.0805354 0.0589533
-0.0852973 0.0756199
-0.104345 0.0851437
-0.123393 0.0970485
-0.14244 0.111334
-0.161488 0.130382
-0.178154 0.149429
-0.187678 0.168477
-0.201964 0.187525
-0.221012 0.192287
-0.240059 0.194668
-0.259107 0.199429
-0.278154 0.208953
-0.297202 0.223239
-0.309107 0.242287
-0.318631 0.261334
-0.323393 0.280382
-0.325774 0.299429
-0.325774 0.318477
-0.323393 0.337525
-0.318631 0.356572
-0.311488 0.37562
-0.294821 0.394668
-0.275774 0.411334
-0.256726 0.418477
-0.237678 0.420858
-0.218631 0.420858
-0.199583 0.416096
-0.180535 0.408953
-0.16625 0.423239
-0.147202 0.442287
-0.128154 0.461334
-0.109107 0.47562
-0.0900592 0.487525
-0.0710116 0.494668
-0.051964 0.50181
-0.0329164 0.506572
-0.0138688 0.506572
0.00517885 0.506572
0.0242265 0.506572
0.0432741 0.504191
0.0623217 0.497048
0.0813693 0.489906
0.100417 0.480382
0.119465 0.468477
0.136131 0.45181
0.155179 0.435144
0.169465 0.416096
0.188512 0.411334
0.20756 0.418477
0.226607 0.420858
0.245655 0.420858
0.264703 0.416096
0.28375 0.406572
0.302798 0.387525
0.314703 0.368477
0.321846 0.349429
0.324226 0.330382
0.324226 0.311334
0.324226 0.292287
0.321846 0.273239
0.314703 0.254191
0.305179 0.235144
0.290893 0.216096
0.271846 0.204191
0.252798 0.197048
0.23375 0.192287
0.214703 0.194668
0.198036 0.185144
0.18375 0.166096
0.171846 0.147048
0.15756 0.128001
0.138512 0.111334
0.119465 0.0970485
0.100417 0.0875247
0.0813693 0.0803818
0.0742265 0.0637152
0.0932741 0.0589533
0.112322 0.0589533
0.131369 0.0565723
0.150417 0.0518104
0.169465 0.0494294
0.188512 0.0470485
0.20756 0.0470485
0.226607 0.0589533
0.245655 0.0756199
0.264703 0.0875247
0.28375 0.0994294
0.302798 0.108953
0.321846 0.118477
0.340893 0.120858
0.359941 0.128001
0.378988 0.128001
0.395655 0.118477
0.409941 0.0994294
0.414703 0.0803818
0.414703 0.0613342
0.412322 0.0422866
0.393274 0.0327628
0.374226 0.0256199
0.355179 0.020858
0.336131 0.0137152
0.317084 0.00419135
0.298036 -0.00533246
0.278988 -0.0219991
0.264703 -0.0410467
0.248036 -0.0600944
0.236131 -0.079142
0.228988 -0.0981896
0.226607 -0.117237
0.224226 -0.136285
0.224226 -0.155332
0.224226 -0.17438
0.224226 -0.193428
0.226607 -0.212475
0.245655 -0.22438
0.264703 -0.22438
0.28375 -0.231523
0.302798 -0.238666
0.321846 -0.250571
0.340893 -0.267237
0.355179 -0.286285
0.359941 -0.305332
0.359941 -0.32438
0.35756 -0.343428
0.343274 -0.362475
0.328988 -0.381523
0.309941 -0.395809
0.290893 -0.410094
0.271846 -0.419618
0.252798 -0.431523
0.240893 -0.44819
0.252798 -0.467237
0.252798 -0.486285
0.23375 -0.493428
0.214703 -0.493428
0.195655 -0.493428
0.176607 -0.488666
0.15756 -0.479142
0.138512 -0.471999
0.119465 -0.462475
0.100417 -0.445809
0.0837503 -0.429142
0.0670836 -0.410094
0.0504169 -0.393428
0.0313693 -0.381523
0.0123217 -0.381523
-0.00672592 -0.381523
-0.0257735 -0.383904
-0.0448212 -0.393428
-0.0638688 -0.405332
-0.0829164 -0.42438
-0.0948212 -0.443428
-0.113869 -0.457713
-0.132916 -0.469618
-0.151964 -0.479142
-0.171012 -0.486285
-0.190059 -0.493428
-0.209107 -0.493428
-0.228154 -0.493428
-0.247202 -0.491047
-0.254345 -0.47438
-0.244821 -0.455332
-0.244821 -0.436285
-0.263869 -0.426761
-0.282916 -0.414856
-0.301964 -0.402952
-0.321012 -0.386285
-0.337678 -0.369618
-0.354345 -0.350571
-0.359107 -0.331523
-0.359107 -0.312475
-0.359107 -0.293428
-0.347202 -0.27438
-0.330535 -0.255332
-0.311488 -0.241047
-0.29244 -0.231523
-0.273393 -0.226761
-0.254345 -0.22438
-0.235297 -0.221999
-0.223393 -0.205332
-0.223393 -0.186285
-0.223393 -0.167237
-0.223393 -0.14819
-0.225774 -0.129142
-0.230535 -0.110094
-0.237678 -0.0910467
-0.247202 -0.0719991
-0.263869 -0.0529515
-0.280535 -0.0339039
-0.299583 -0.0148563
-0.318631 -0.000570551
-0.337678 0.0137152
-0.356726 0.023239
-0.375774 0.0280009
-0.394821 0.0351437
-0.413869 0.0446675
-0.413869 0.0637152
-0.413869 0.0827628
