179.11 25.8163
179.634 26.3277
177.475 31.3359
180.241 26.3541
177.52 31.5215
174.107 37.5822
174.094 37.5617
157.868 57.1415
158.382 57.373
150.15 66.0751
149.77 65.4076
139.162 77.3166
138.026 77.2169
121.918 96.3272
122.031 96.3142
121.342 95.991
122.39 96.8913
64.7453 110.717
64.7754 110.835
64.0269 111.203
65.0774 111.189
11.3988 117.887
64.5446 110.29
10.936 118.307
11.7299 117.597
11.3625 117.057
12.232 118.051
-53.7923 110.692
-53.6459 109.715
-53.69 110.189
-53.3744 110.286
-83.2123 107.229
-58.1006 109.82
-83.4382 106.509
-83.1163 107.245
-83.5718 107.89
-137.601 73.4234
-137.239 72.8254
-140.45 71.2668
-140.626 71.2033
-141.764 70.6994
-141.376 70.6684
-141.719 70.4642
-173.696 28.6254
-173.609 27.8299
-173.771 28.0013
-173.687 28.1044
-173.263 27.9274
-179.922 -11.1976
-174.25 28.0191
-179.025 -11.0288
-179.261 -12.1306
-178.21 -15.6489
-178.138 -15.9964
-169.476 -34.8179
-168.764 -34.3741
-162.995 -40.8866
-160.793 -43.0023
-161.656 -43.1647
-160.776 -42.0676
-140.379 -87.6382
-141.411 -88.2527
-140.95 -87.4863
-141.427 -87.0512
-94.6608 -101.206
-94.1443 -100.062
-94.0885 -100.826
-94.5118 -100.727
-75.8902 -106.891
-76.0158 -107.17
-76.0938 -107.461
-22.4532 -119.028
-22.5817 -120.115
-23.459 -119.46
-22.9477 -119.502
-22.9562 -119.534
39.5453 -115.142
39.0191 -115.132
59.453 -86.8329
39.5789 -115.23
39.4109 -115.828
39.9192 -114.979
91.0003 -108.227
90.6448 -107.789
90.9599 -108.11
91.6229 -107.959
90.9865 -108.721
147.636 -63.9832
147.091 -63.5952
147.699 -63.5347
147.253 -64.3126
155.176 -55.1127
159.118 -49.9409
159.391 -50.0959
161.374 -46.3597
167.079 -33.2207
161.82 -45.5709
167.592 -32.9235
167.194 -32.9228
166.869 -32.5722
