162.565 -0.22275
162.179 5.92672
161.316 12.0563
159.966 18.1835
158.109 24.3186
155.724 30.4633
152.788 36.6088
149.278 42.737
145.176 48.8206
140.471 54.8251
135.16 60.7112
129.245 66.4363
122.74 71.9574
115.665 77.2321
108.046 82.2204
99.9165 86.8857
91.3134 91.1951
82.278 95.1199
72.8543 98.6352
63.0881 101.72
53.0268 104.357
42.7186 106.533
32.2125 108.236
21.5577 109.458
10.8037 110.194
1.63107e-07 110.439
-10.8037 110.194
-21.5577 109.458
-32.2125 108.236
-42.7186 106.533
-53.0268 104.357
-63.088 101.72
-72.8541 98.6348
-82.2777 95.1192
-91.3127 91.1939
-99.915 86.8836
-108.043 82.2169
-115.66 77.2265
-122.732 71.9489
-129.23 66.424
-135.135 60.694
-140.432 54.8024
-145.116 48.7922
-149.188 42.7039
-152.658 36.5738
-155.542 30.4317
-157.859 24.2993
-159.631 18.1897
-160.879 12.1068
-161.62 6.04689
-161.866 -1.12449e-07
-161.62 -6.04689
-160.879 -12.1068
-159.631 -18.1897
-157.859 -24.2993
-155.542 -30.4317
-152.658 -36.5739
-149.188 -42.704
-145.116 -48.7923
-140.432 -54.8026
-135.135 -60.6944
-129.231 -66.4247
-122.732 -71.9503
-115.661 -77.2289
-108.045 -82.2212
-99.9178 -86.8911
-91.3166 -91.2067
-82.283 -95.1405
-72.861 -98.6696
-63.096 -101.775
-53.0348 -104.444
-42.7244 -106.665
-32.2116 -108.433
-21.5425 -109.745
-10.7624 -110.601
0.0849753 -111.005
10.9575 -110.962
21.8156 -110.478
32.6248 -109.562
43.361 -108.218
54.0206 -106.449
64.6296 -104.25
75.2316 -101.603
85.8254 -98.4973
96.2679 -94.963
105.994 -90.4009
113.432 -88.9728
121.464 -84.274
124.636 -78.5175
132.153 -72.0969
137.576 -66.3643
142.592 -59.6458
147.082 -52.8015
151.049 -45.8256
154.415 -38.8762
157.147 -32.0845
159.278 -25.4746
160.854 -19.0147
161.913 -12.67
162.478 -6.4139
118.861 -86.0564
106.758 -91.7289
115.633 -84.8323
131.734 -74.1874
125.767 -80.573
