146.185 -0.0547308
145.094 4.62045
145.313 9.62786
143.744 14.8887
142.617 19.702
141.339 24.8892
137.966 29.5791
136.65 35.623
131.727 40.3878
129.24 46.6284
123.829 50.927
119.492 57.1634
113.183 61.6957
107.473 67.2643
100.442 71.65
93.3258 76.4554
85.4491 80.577
77.2096 84.5537
68.5004 88.0574
59.4321 91.1918
50.0307 93.8699
40.357 96.0954
30.4619 97.8412
20.4006 99.098
10.2281 99.8554
-5.78586e-08 100.108
-10.2281 99.8553
-20.4006 99.098
-30.4619 97.841
-40.3572 96.0961
-50.0303 93.8685
-59.4336 91.1965
-68.4969 88.0493
-77.22 84.5808
-85.4197 80.5388
-93.351 76.5587
-100.303 71.5959
-107.474 67.5354
-112.874 61.653
-119.447 57.2801
-124.147 50.9246
-129.088 46.1449
-132.247 40.6454
-136.283 35.3109
-138.13 29.7001
-141.178 24.7551
-142.677 19.7308
-144.24 14.6545
-144.503 9.21506
-145.758 4.40756
-145.716 2.70749e-05
-145.759 -4.40681
-144.502 -9.21426
-144.242 -14.6551
-142.68 -19.733
-141.162 -24.7476
-138.152 -29.7148
-136.264 -35.302
-132.257 -40.6496
-129.085 -46.1413
-124.148 -50.9248
-119.447 -57.2799
-112.875 -61.6531
-107.474 -67.5353
-100.303 -71.5959
-93.351 -76.5587
-85.4197 -80.5388
-77.22 -84.5808
-68.4969 -88.0493
-59.4336 -91.1965
-50.0303 -93.8685
-40.3572 -96.0961
-30.4619 -97.841
-20.4006 -99.098
-10.2281 -99.8553
-5.90024e-08 -100.108
10.2281 -99.8554
20.4006 -99.098
30.4619 -97.8412
40.3571 -96.0956
50.0306 -93.8697
59.4323 -91.1925
68.4998 -88.0559
77.2095 -84.5539
85.4491 -80.5783
93.3139 -76.4381
100.473 -71.6916
107.45 -67.2097
113.237 -61.7047
119.529 -57.1861
123.575 -51.108
129.185 -46.5712
132.135 -40.2027
135.992 -35.2431
139.002 -30.0904
140.473 -24.5207
143.079 -19.8136
143.702 -14.8367
145.353 -9.82112
144.956 -4.60916
