169.411 -0.0354121
169.062 6.53042
168.187 13.087
166.769 19.6415
164.792 26.1939
162.235 32.7362
159.079 39.2517
155.309 45.7156
150.914 52.0966
145.891 58.3584
140.241 64.4616
133.978 70.3657
127.118 76.031
119.686 81.4195
111.713 86.496
103.233 91.2285
94.2839 95.5887
84.9078 99.5515
75.1478 103.095
65.049 106.202
54.6579 108.855
44.022 111.043
33.1893 112.756
22.2086 113.984
11.1291 114.723
2.36736e-12 114.97
-11.1291 114.723
-22.2086 113.984
-33.1893 112.756
-44.022 111.043
-54.6579 108.855
-65.049 106.202
-75.1478 103.095
-84.9078 99.5515
-94.2839 95.5887
-103.233 91.2285
-111.713 86.496
-119.686 81.4195
-127.118 76.031
-133.977 70.3655
-140.241 64.4612
-145.889 58.3576
-150.912 52.0951
-155.304 45.7129
-159.069 39.2474
-162.215 32.7302
-164.757 26.1865
-166.711 19.6344
-168.092 13.0844
-168.915 6.54007
-169.188 2.15245e-14
-168.915 -6.54007
-168.092 -13.0844
-166.711 -19.6344
-164.757 -26.1865
-162.215 -32.7302
-159.069 -39.2474
-155.304 -45.7129
-150.912 -52.0951
-145.889 -58.3576
-140.241 -64.4612
-133.977 -70.3655
-127.118 -76.031
-119.686 -81.4195
-111.713 -86.496
-103.233 -91.2286
-94.2839 -95.5888
-84.9078 -99.5517
-75.1479 -103.096
-65.0493 -106.203
-54.6585 -108.859
-44.0229 -111.05
-33.1906 -112.77
-22.2099 -114.014
-11.1289 -114.782
0.00491357 -115.078
11.1481 -114.915
22.2452 -114.31
33.3286 -113.28
44.0279 -111.894
55.5925 -109.996
64.0648 -108.343
78.4892 -105.154
79.5907 -106.249
78.9859 -103.726
120.929 -90.3199
122.203 -90.4706
122.585 -88.633
130.806 -81.35
134.134 -77.7141
144.002 -67.1152
149.097 -60.1916
152.557 -55.0309
157.148 -47.0625
160.453 -40.382
163.316 -33.4682
165.603 -26.6586
167.343 -19.9213
168.552 -13.2463
169.24 -6.62271
122.818 -88.8885
120.823 -88.8955
121.235 -89.6279
133.625 -80.197
122.888 -88.4915
