155.246 -6.24592e-11
155.043 5.37496
154.431 10.7762
153.395 16.2266
151.913 21.7432
149.956 27.3343
147.493 32.9981
144.492 38.7222
140.922 44.4834
136.76 50.2489
131.988 55.9778
126.595 61.6235
120.584 67.1356
113.962 72.4624
106.749 77.553
98.9721 82.3588
90.6661 86.8347
81.8714 90.9403
72.6337 94.6401
63.0024 97.9035
53.03 100.705
42.7709 103.024
32.2811 104.844
21.6176 106.152
10.8379 106.94
9.48959e-09 107.204
-10.8379 106.94
-21.6176 106.152
-32.2811 104.844
-42.7709 103.024
-53.03 100.705
-63.0024 97.9035
-72.6337 94.6401
-81.8714 90.9403
-90.6661 86.8347
-98.9721 82.3588
-106.749 77.553
-113.962 72.4624
-120.584 67.1356
-126.595 61.6235
-131.988 55.9778
-136.76 50.2489
-140.922 44.4834
-144.492 38.7222
-147.493 32.9981
-149.956 27.3343
-151.913 21.7432
-153.395 16.2266
-154.431 10.7762
-155.043 5.37496
-155.246 2.23193e-11
-155.043 -5.37496
-154.431 -10.7762
-153.395 -16.2266
-151.913 -21.7432
-149.956 -27.3343
-147.493 -32.9981
-144.492 -38.7222
-140.922 -44.4834
-136.76 -50.2489
-131.988 -55.9778
-126.595 -61.6235
-120.584 -67.1356
-113.962 -72.4624
-106.749 -77.553
-98.9721 -82.3588
-90.6661 -86.8347
-81.8714 -90.9403
-72.6337 -94.6401
-63.0024 -97.9035
-53.03 -100.705
-42.7709 -103.024
-32.2811 -104.844
-21.6176 -106.152
-10.8379 -106.94
2.31522e-08 -107.204
10.8379 -106.94
21.6176 -106.152
32.2811 -104.844
42.7709 -103.024
53.03 -100.705
63.0024 -97.9035
72.6337 -94.6401
81.8714 -90.9403
90.6661 -86.8347
98.9721 -82.3588
106.749 -77.553
113.962 -72.4624
120.584 -67.1356
126.595 -61.6235
131.988 -55.9778
136.76 -50.2489
140.922 -44.4834
144.492 -38.7222
147.493 -32.9981
149.956 -27.3343
151.913 -21.7432
153.395 -16.2266
154.431 -10.7762
155.043 -5.37496
