184.499 0
176.626 3.61442
185.653 8.10186
181.944 11.6819
181.599 15.612
180.964 19.5276
177.63 22.7198
165.65 22.8193
177.916 31.2183
174.627 34.2519
164.537 33.8394
164.277 37.9044
168.955 45.1223
166.636 48.5927
161.988 50.4717
158.009 52.6661
153.745 54.5202
153.958 60.2195
150.07 62.4816
155.971 74.6839
138.23 62.4773
146.331 78.3232
138.039 75.68
137.754 82.9726
135.011 87.494
131.308 90.8962
123.477 87.8893
114.724 82.6763
112.886 89.1072
110.419 95.0039
105.936 97.3591
99.4639 95.4729
98.765 106.794
93.3085 107.553
86.171 103.671
79.644 100.814
76.6185 108.51
73.7166 117.86
65.1051 107.189
62.4203 118.936
54.9572 111.053
50.2366 115.329
45.3356 119.568
39.3351 117.575
33.2917 114.439
28.0583 117.576
22.8308 122.269
17.4261 127.189
11.1602 116.376
5.71043 122.637
1.11741e-14 123.73
-5.77379 125.661
-11.6188 127.31
-17.2219 123.949
-22.3019 115.989
-28.86 125.169
-33.5168 116.209
-40.3908 124.659
-45.3859 119.862
-51.1277 119.93
-58.0627 125.39
-60.0592 109.099
-68.4722 119.945
-72.0245 111.995
-74.3631 101.32
-84.4009 114.818
-88.0962 108.924
-91.395 102.699
-100.006 109.726
-101.359 99.6547
-102.467 90.1984
-108.405 91.1097
-113.883 90.9135
-110.433 75.3755
-121.379 84.538
-124.521 80.716
-125.213 73.6925
-133.112 76.8348
-137.575 75.1047
-143.834 75.4175
-143.673 68.4094
-151.387 70.0113
-153.854 66.0845
-151.592 58.1205
-162.828 62.0104
-158.526 53.0607
-166.387 53.5768
-154.579 40.7664
-175.122 48.7849
-166.466 39.0865
-168.879 35.9557
-173.79 33.8875
-172.618 29.1778
-174.227 25.6949
-167.236 19.7457
-176.821 18.5433
-180.827 15.4657
-183.302 11.8744
-176.719 7.25879
-176.427 3.60504
-175.679 1.3902e-14
-182.878 -3.90915
-179.61 -7.53161
-177.209 -11.0106
-172.547 -13.8967
-172.634 -17.5487
-180.765 -23.6169
-185.459 -29.4611
-182.685 -33.0549
-170.33 -32.3796
-178.713 -40.7484
-170.513 -41.272
-159.17 -39.311
-165.373 -47.7725
-158.872 -48.2725
-165.792 -58.6143
-158.666 -58.5778
-151.772 -58.2808
-153.549 -65.7938
-151.522 -70.149
-149.776 -75.06
-146.706 -78.7597
-135.285 -72.2623
-132.044 -75.4224
-135.377 -88.0087
-120.564 -74.7801
-123.216 -87.4718
-116.941 -86.449
-113.312 -89.8794
-107.101 -88.5883
-104.477 -94.3484
-102.062 -101.207
-94.3253 -96.3001
-90.8439 -101.302
-86.9662 -105.84
-82.2072 -108.36
-77.0116 -109.763
-72.7391 -114.472
-65.7489 -109.628
-59.077 -105.007
-54.1591 -107.368
-48.3875 -105.782
-45.4705 -120.357
-37.4475 -104.908
-34.0154 -120.13
-28.6839 -123.501
-22.9145 -123.263
-16.5644 -113.515
-11.3083 -119.905
-5.50618 -112.888
-3.29932e-14 -119.41
5.71808 -123.002
11.1428 -115.959
17.4587 -127.706
22.6261 -119.839
28.4568 -121.35
34.4872 -123.839
40.922 -128.224
45.0258 -117.758
50.8568 -118.531
55.1738 -112.053
60.8618 -112.443
62.9422 -98.9942
71.2736 -109.392
77.139 -110.169
79.5075 -100.412
86.5478 -104.699
93.0185 -106.817
94.0211 -95.5811
100.906 -98.6553
105.556 -96.5752
114.359 -102.624
114.195 -91.4793
118.771 -89.5626
121.921 -85.4045
129.554 -88.265
122.886 -70.4138
135.236 -79.6427
143.263 -82.1625
142.167 -73.4783
146.625 -71.6263
149.035 -67.6137
152.578 -64.8695
156.153 -62.1664
158.72 -58.6222
160.381 -54.4785
164.34 -52.1317
158.283 -43.1703
167.475 -44.2434
170.272 -41.142
168.757 -35.8962
176.037 -34.8664
177.015 -30.8713
175.013 -25.9587
184.672 -24.7348
173.922 -17.8546
166.062 -12.6678
177.337 -11.0287
177.995 -7.37915
182.075 -3.87129
