171.019 -0.148269
175.435 15.5539
175.833 29.6276
167.653 14.4125
171.939 43.8487
162.029 28.3573
154.247 41.7563
163.374 58.0025
160.206 61.6651
144.185 55.0976
150.362 73.3643
132.421 67.8934
119.385 79.8385
136.345 84.9829
121.367 93.2573
105.272 90.7964
106.286 98.069
90.7995 100.231
76.7963 104.727
63.6539 108.365
51.1282 111.437
28.9365 116.077
39.011 114.151
29.1424 116.271
29.5311 116.227
29.1741 116.48
29.1141 116.241
-63.4577 107.774
-64.189 107.382
-63.7743 107.72
-64.0519 107.574
-77.325 103.486
-68.5668 106.201
-92.3295 97.6286
-84.3395 100.984
-101.704 93.0081
-122.243 80.5008
-112.061 87.1072
-131.166 73.9493
-138.014 68.2385
-143.763 62.7568
-149.867 56.0749
-156.897 47.2224
-164.636 39.6806
-170.639 29.956
-168.454 34.4685
-163.393 32.8479
-173.96 18.3462
-175.512 5.01101
-168.68 16.6198
-171.939 0.291594
-174.773 -6.59886
-172.621 -14.3922
-170.647 -23.9426
-168.532 -30.6383
-166.961 -34.2949
-163.483 -40.6827
-158.373 -48.6181
-153.598 -55.2239
-149.848 -59.9305
-143.698 -66.937
-136.566 -74.1582
-130.067 -79.7769
-122.749 -85.0066
-112.974 -90.6948
-101.226 -96.2899
-88.1156 -101.141
-87.6424 -102.129
-73.0068 -105.678
-72.6259 -106.632
-58.0434 -109.466
-44.5429 -111.923
-32.994 -113.466
-21.5125 -114.407
-9.17494 -114.803
4.10092 -114.643
18.1378 -113.975
32.4225 -113.227
62.3109 -109.821
32.9507 -112.61
47.706 -111.421
62.3197 -110
72.7644 -108.949
73.081 -108.716
73.1714 -108.653
73.0887 -108.94
72.8435 -109.082
152.564 -55.9443
152.938 -55.9328
152.953 -55.8956
152.271 -55.9794
152.958 -54.8537
158.154 -50.0163
159.886 -47.6986
163.764 -40.8009
168.037 -29.207
158.475 -41.8088
170.661 -15.3999
163.832 -27.6563
168.203 -13.8437
