182.583 0
178.43 7.42021
174.337 14.2358
177.586 22.7074
178.33 31.3777
165.979 34.5424
170.968 46.3181
160.524 49.4384
159.229 59.0424
153.712 65.9491
136.412 60.496
135.867 72.9845
133.691 85.6342
126.864 93.2998
112.72 88.8055
107.183 99.9353
96.2849 100.932
86.1781 103.69
76.5387 108.256
67.2439 115.292
55.3188 112.722
44.7842 116.347
32.2205 106.015
22.1307 113.957
11.099 114.916
1.11937e-14 124.21
-11.2055 117.456
-23.117 125.667
-33.5111 116.164
-45.672 121.534
-54.7034 109.881
-63.5188 101.179
-76.4395 107.939
-85.2191 101.073
-96.3455 101.075
-106.276 98.0618
-112.266 87.9824
-125.346 90.8738
-132.341 83.732
-138.747 76.558
-140.151 64.5705
-154.42 66.6227
-165.523 64.2321
-169.497 55.7722
-171.117 46.4062
-172.333 37.6391
-170.754 28.4598
-170.179 20.5879
-176.838 14.7098
-184.344 7.97834
-185.158 1.56433e-14
-181.392 -7.69977
-171.416 -13.6824
-182.384 -24.0803
-184.155 -33.6209
-168.423 -35.7333
-170.717 -46.1685
-161.094 -49.841
-163.664 -62.6996
-149.939 -62.3571
-145.936 -70.8754
-135.432 -72.4452
-129.939 -80.349
-124.694 -89.8335
-117.958 -98.3023
-105.958 -97.4045
-96.8143 -102.183
-87.9108 -108.418
-74.8638 -102.916
-67.5948 -116.621
-54.7205 -109.96
-45.4967 -120.51
-33.7399 -117.963
-22.0657 -113.185
-11.5144 -124.821
-3.22486e-14 -113.33
11.3743 -121.481
22.7562 -121.384
32.8691 -111.115
44.8015 -116.448
53.1114 -102.532
67.2925 -115.476
78.5094 -114.537
86.8816 -105.609
97.0665 -102.779
104.545 -94.4891
118.437 -99.1713
121.469 -84.6816
134.486 -86.7535
139.941 -78.0404
144.924 -69.7728
154.887 -67.0672
156.013 -56.3901
168.014 -54.7253
162.621 -41.3606
167.703 -35.3824
182.099 -32.829
174.881 -21.9332
174.021 -14.176
174.103 -7.01188
