183.28 3.28005
186.325 11.5657
201.393 34.0651
175.355 17.7655
188.59 42.4011
165.467 31.3587
164.008 41.8496
173.358 62.7259
159.895 60.6137
144.544 56.9662
152.337 77.248
134.384 72.6269
124.805 76.8608
127.476 93.2407
133.465 112.344
109.657 100.938
107.541 110.85
85.4857 101.098
75.2479 104.073
54.0991 97.3183
61.5394 120.043
21.8089 95.6756
43.6139 131.877
18.9909 119.824
16.4296 127.704
1.58882 121.589
-5.00054 123.005
-33.1026 103.374
-40.0281 106.258
-45.8988 111.703
-51.6165 118.133
-79.9454 101.482
-69.3001 121.88
-94.6485 103.325
-89.8612 111.759
-99.1037 103.78
-122.866 80.3393
-116.893 87.2478
-135.751 70.9788
-140.217 70.8336
-147.694 68.4637
-154.829 65.6041
-161.55 60.6896
-177.812 42.7772
-178.725 36.8373
-172.036 36.2362
-165.187 35.202
-172.756 20.6614
-185.215 2.84858
-169.39 14.5881
-181.174 -1.1736
-185.666 -10.9058
-184.096 -16.7685
-181.783 -24.1932
-184.538 -38.3499
-178.539 -44.4304
-167.176 -45.017
-159.672 -49.0397
-138.617 -39.3359
-141.43 -53.8527
-150.303 -75.2144
-145.528 -83.7709
-150.643 -102.699
-130.906 -96.6707
-112.744 -91.623
-104.257 -95.5378
-90.314 -93.623
-94.7527 -110.365
-70.8623 -99.6874
-71.5594 -114.779
-59.3024 -117.806
-38.9561 -112.823
-33.7662 -122.029
-20.8134 -121.647
-10.4764 -121.751
-0.512186 -120.512
22.7502 -105.256
29.3057 -107.17
59.453 -86.8329
30.6348 -126.967
51.5935 -118.156
62.3568 -119.07
85.3475 -105.833
91.0524 -106.921
90.6395 -110.98
93.5378 -109.346
96.3014 -106.904
124.525 -79.6158
137.805 -68.9246
144.697 -66.3541
147.681 -68.4767
157.838 -62.5954
166.085 -56.1544
166.46 -54.1294
167.735 -47.8273
177.623 -30.6488
159.298 -41.0909
173.501 -19.9162
163.202 -24.8612
167.208 -16.7699
