180 0
179.645 7.53486
178.581 15.04
176.812 22.4858
174.345 29.8428
171.19 37.082
167.36 44.1749
162.869 51.0935
157.735 57.8104
151.979 64.2992
145.623 70.5342
138.692 76.4909
131.214 82.1457
123.218 87.4762
114.736 92.4616
105.801 97.082
96.4488 101.319
86.7157 105.157
76.6403 108.579
66.2624 111.573
55.6231 114.127
44.7642 116.23
33.7286 117.874
22.56 119.054
11.3023 119.763
1.10218e-14 120
-11.3023 119.763
-22.56 119.054
-33.7286 117.874
-44.7642 116.23
-55.6231 114.127
-66.2624 111.573
-76.6403 108.579
-86.7157 105.157
-96.4488 101.319
-105.801 97.082
-114.736 92.4616
-123.218 87.4762
-131.214 82.1457
-138.692 76.4909
-145.623 70.5342
-151.979 64.2992
-157.735 57.8104
-162.869 51.0935
-167.36 44.1749
-171.19 37.082
-174.345 29.8428
-176.812 22.4858
-178.581 15.04
-179.645 7.53486
-180 1.46958e-14
-179.645 -7.53486
-178.581 -15.04
-176.812 -22.4858
-174.345 -29.8428
-171.19 -37.082
-167.36 -44.1749
-162.869 -51.0935
-157.735 -57.8104
-151.979 -64.2992
-145.623 -70.5342
-138.692 -76.4909
-131.214 -82.1457
-123.218 -87.4762
-114.736 -92.4616
-105.801 -97.082
-96.4488 -101.319
-86.7157 -105.157
-76.6403 -108.579
-66.2624 -111.573
-55.6231 -114.127
-44.7642 -116.23
-33.7286 -117.874
-22.56 -119.054
-11.3023 -119.763
-3.30655e-14 -120
11.3023 -119.763
22.56 -119.054
33.7286 -117.874
44.7642 -116.23
55.6231 -114.127
66.2624 -111.573
76.6403 -108.579
86.7157 -105.157
96.4488 -101.319
105.801 -97.082
114.736 -92.4616
123.218 -87.4762
131.214 -82.1457
138.692 -76.4909
145.623 -70.5342
151.979 -64.2992
157.735 -57.8104
162.869 -51.0935
167.36 -44.1749
171.19 -37.082
174.345 -29.8428
176.812 -22.4858
178.581 -15.04
179.645 -7.53486
133 -100
116 -109
115 -83
151 -88
140 -113
