180 0
191.349 8.63936
197.269 18.5814
195.099 27.7185
185.315 34.0678
171.19 37.082
157.252 38.1721
147.329 40.1247
143.06 45.7089
143.464 56.1939
145.623 70.5342
153.445 94.7977
153.236 113.166
143.405 119.721
126.091 113.049
105.801 97.082
87.2878 79.6661
73.6246 69.4379
65.2532 72.2812
60.262 88.8403
55.6231 114.127
46.7476 127.817
36.1283 136.744
24.1563 138.008
11.7949 131.509
1.10218e-14 120
-10.8097 108.018
-20.9637 100.1
-31.329 99.0053
-42.7808 104.643
-55.6231 114.127
-72.2628 134.306
-88.0273 144.877
-99.8067 140.876
-105.61 122.973
-105.801 97.082
-103.382 71.8737
-103.032 55.2316
-109.192 51.1256
-123.94 58.184
-145.623 70.5342
-160.494 72.4046
-172.41 69.912
-178.409 62.0623
-177.467 50.1778
-171.19 37.082
-163.375 25.6178
-158.524 17.253
-159.892 11.4986
-167.941 6.43036
-180 1.46958e-14
-203.052 -9.74387
-215.958 -22.1227
-213.386 -32.9512
-196.285 -38.2928
-171.19 -37.082
-147.145 -32.1693
-131.789 -29.1559
-128.385 -33.6074
-134.95 -48.0885
-145.623 -70.5342
-146.069 -85.6443
-142.225 -97.6557
-133.312 -103.599
-120.414 -102.756
-105.801 -97.082
-91.8683 -90.4927
-80.1701 -87.2974
-70.9467 -90.4302
-63.2622 -100.207
-55.6231 -114.127
-48.731 -139.404
-38.5279 -155.613
-25.7526 -156.962
-12.2876 -143.254
-3.30655e-14 -120
10.317 -96.2725
19.3674 -81.1457
28.9293 -80.1362
40.7974 -93.0556
55.6231 -114.127
69.2626 -122.94
82.3338 -126.728
93.2612 -123.016
101.029 -112.146
105.801 -97.082
109.059 -82.1676
113.125 -71.3539
120.203 -66.6356
131.316 -67.3374
145.623 -70.5342
169.008 -80.5099
187.085 -82.0135
193.949 -73.0311
187.575 -56.1806
171.19 -37.082
152.405 -21.3928
140.237 -12.0203
141.204 -7.95725
156.237 -5.32586
