-99.61637739259814 -99.61637739259814
-101.46736665899392 -13.467366658993928
-94.51492033661965 -10.514920336619653
-101.24391454061312 -21.243914540613126
-98.10932287259506 -22.10932287259505
-101.12285087159498 -29.122850871594977
-102.46355080233423 -34.46355080233422
-101.68428078504347 -37.68428078504348
-98.58611528716384 -2.586115287163839
-102.46759215078784 -42.46759215078783
-98.71471046417086 -42.714710464170864
-101.20290196510037 -49.202901965100374
-93.83399029754386 -45.83399029754386
-101.24240858673431 -57.242408586734314
-98.51369236549048 -58.51369236549049
-97.47544761168542 -61.47544761168542
-97.07720260922345 -65.07720260922345
-103.83554058698154 -75.83554058698154
-101.4603295153127 -77.4603295153127
-97.42744233375062 -5.427442333750625
-99.36219540610507 -79.36219540610507
-101.61447885427744 -85.61447885427744
-98.9032299457134 -86.9032299457134
-102.4310337359338 -94.4310337359338
-97.88167485990854 -93.88167485990854
-100.41169074343708 -0.4116907434370806
-101.27351269626358 98.72648730373642
-101.93141521735926 10.068584782640745
-100.3292888696983 15.670711130301695
-107.94747713328442 12.052522866715574
-101.02192514408061 22.97807485591939
-94.16478693986905 33.835213060130954
-102.5342764265395 29.465723573460487
-94.80956298842709 41.19043701157292
-99.67515243757474 4.324847562425264
-101.52605156562521 38.47394843437478
-103.17104820638596 40.828951793614046
-103.86582248907615 44.134177510923855
-98.55924002192397 53.44075997807603
-98.91178770103348 57.088212298966525
-99.01889742390426 60.981102576095736
-100.85239201965749 63.147607980342514
-105.17789327625427 62.82210672374573
-97.88649403281985 74.11350596718015
-98.94490005638187 77.05509994361813
-102.28875835262245 5.711241647377543
-102.04508270063106 77.95491729936894
-98.42919863959405 85.57080136040595
-101.82542458033498 86.17457541966502
-100.97971255341922 91.02028744658078
-101.85433637456909 94.14566362543091
-5.6627363081182365 -93.66273630811824
-11.363381008769696 100.6366189912303
-17.422129472075316 -101.42212947207531
-16.104119281806465 99.89588071819354
-19.17702139351931 -99.17702139351931
-24.132105135984947 95.86789486401506
-22.179597246620748 -98.17959724662074
-26.089258510466806 97.9107414895332
-29.784287246809754 -101.78428724680975
-28.052023111591414 99.94797688840859
-28.81012049913899 -96.81012049913899
-28.64692774187788 103.35307225812213
-36.184611471463235 -100.18461147146324
-38.06287238775585 97.93712761224414
-0.6734481136985591 -96.67344811369856
-4.25564384843128 99.74435615156872
-39.076219972448655 -99.07621997244865
-40.66499900849624 99.33500099150376
-44.33396541145751 -100.33396541145751
-42.51955462401959 101.48044537598041
-44.90556912854195 -96.90556912854194
-45.57431028310115 102.42568971689886
-52.917545704345535 -100.91754570434554
-50.58820539052455 101.41179460947545
-53.62409794865391 -97.62409794865391
-58.83743381621037 97.16256618378964
-59.0915340283337 -99.0915340283337
-60.13613998281606 99.86386001718394
-62.20300136406631 -98.20300136406631
-64.42380337622535 99.57619662377465
-62.046049420123005 -94.046049420123
-67.46319808090142 100.53680191909858
-74.61318149700635 -102.61318149700635
-70.86520854152994 101.13479145847006
-73.1257985301124 -97.1257985301124
-72.10982041526026 103.89017958473974
-8.836833037342146 -100.83683303734215
-8.079732868694547 99.92026713130545
-82.01651349396559 -102.01651349396559
-83.0799598938092 96.9200401061908
-83.87366172674513 -99.87366172674513
-86.17789476214503 97.82210523785497
-83.79190266343588 -95.79190266343588
-87.98903908239805 100.01096091760195
-92.60228632652215 -100.60228632652215
-86.36195170407444 105.63804829592556
-99.87103745760821 -103.87103745760821
-95.57270041189405 100.42729958810595
-2.397692433546719 -102.39769243354672
-1.9057036339362428 98.09429636606376
101.54052848544441 -98.45947151455559
100.60705195669853 -11.392948043301468
100.5621428144923 -15.437857185507688
101.11352611815238 -18.886473881847618
99.68131625888442 -24.318683741115574
99.83045699740453 -28.16954300259547
98.83321248613885 -33.16678751386115
98.01377255394429 -37.986227446055715
104.63758985967493 0.6375898596749385
95.47512304793943 -44.52487695206056
98.9282107019532 -45.07178929804679
100.455223639449 -47.544776360551
99.73219884025669 -52.267801159743314
98.21603492501583 -57.78396507498417
99.4532600034801 -60.54673999651991
98.4512183316729 -65.5487816683271
103.86408426026604 -64.13591573973396
94.17492042568634 -77.82507957431366
100.07345010502526 -75.92654989497474
99.86023456968059 -8.139765430319418
101.78261819190158 -78.21738180809842
97.05287999972111 -86.94712000027889
100.9691352586094 -87.0308647413906
100.1666428545229 -91.8333571454771
96.72179616091253 -99.27820383908747
102.45601534581992 2.456015345819921
98.65948463326043 98.65948463326043
102.74835946669845 14.748359466698444
97.87316243481226 13.873162434812258
99.06503642382964 19.06503642382964
104.95302665263026 28.953026652630253
104.19242362497386 32.192423624973856
103.55419832648484 35.55419832648483
104.73731450179714 40.737314501797144
97.95720138883752 1.9572013888375248
97.35595717059014 37.35595717059015
103.98493829554249 47.98493829554249
98.83490994938296 46.83490994938297
96.6986334929224 48.6986334929224
101.42585290497178 57.42585290497178
103.26955195106275 63.269551951062745
101.2980681360937 65.2980681360937
95.10918483343418 63.109184833434185
104.24825472727305 76.24825472727305
97.6806970474831 73.6806970474831
97.2707482972983 5.270748297298291
97.62889551707606 77.62889551707606
99.27954476166441 83.27954476166441
100.45384504811965 88.45384504811965
105.3415309057097 97.3415309057097
100.81598777762449 96.81598777762449
9.8474824699776 -102.15251753002241
11.228510480716169 99.22851048071617
15.158147971327924 -100.84185202867208
16.688869113748435 100.68886911374844
16.87648924177415 -103.12351075822585
19.30639859594853 99.30639859594852
26.83382178244064 -97.16617821755936
25.68865134801635 101.68865134801635
28.156944719971424 -99.84305528002858
26.428668570879996 98.42866857087999
29.988191120209695 -102.01180887979031
29.428027289998457 97.42802728999845
36.14783642734748 -99.85216357265251
36.11925633029897 100.11925633029897
3.309033697382256 -100.69096630261774
-1.550495858737964 94.44950414126204
39.62066792664018 -100.37933207335982
34.799963186606334 94.79996318660633
43.800616891212336 -100.19938310878766
40.057260294584 96.057260294584
49.727433777009075 -98.27256622299093
52.5359413219656 104.53594132196561
49.28634505321573 -102.71365494678426
49.49088447773051 97.49088447773052
54.82635319994738 -101.17364680005262
57.40449183394885 101.40449183394885
61.05878579410872 -98.94121420589128
62.16691133558577 102.16691133558578
63.35152022273415 -100.64847977726585
62.54506055413655 98.54506055413655
65.2431559519927 -102.7568440480073
66.62454918699702 98.62454918699702
77.29230913831799 -94.70769086168201
73.47811760012537 101.47811760012537
81.01303927437456 -94.98696072562544
72.54068761349845 96.54068761349845
8.540763398576367 -99.45923660142363
8.498067746943745 100.49806774694375
77.53071254527345 -102.46928745472655
84.11914982241528 104.11914982241528
85.36843582603926 -98.63156417396074
86.13934567554729 102.13934567554729
84.3355113342792 -103.6644886657208
88.95466220115468 100.95466220115468
85.83995033416798 -106.16004966583202
93.72124241284133 101.72124241284133
95.45121881790912 -100.54878118209088
97.75157915991056 101.75157915991056
