1
1620
274.215517 0.000000
272.000000 0.560773
270.000000 1.500000
268.000000 2.431319
266.000000 3.431319
264.000000 4.500000
262.000000 5.568681
260.500000 7.000000
259.000000 8.500000
257.563187 10.000000
258.431319 12.000000
259.500000 14.000000
261.000000 15.500000
262.500000 17.000000
264.000000 18.500000
265.500000 20.000000
267.000000 21.500000
268.509375 23.000000
270.496835 24.000000
272.490625 25.000000
274.000000 26.431319
276.000000 27.434426
278.000000 28.431319
280.496835 29.000000
283.000000 29.568681
284.431319 31.000000
284.500000 34.000000
284.563187 37.000000
285.500000 39.000000
286.431319 41.000000
286.565574 44.000000
287.500000 46.000000
287.568681 49.000000
288.500000 51.000000
289.428177 53.000000
290.431319 55.000000
291.000000 57.503165
292.000000 59.500000
293.000000 61.490625
294.500000 63.000000
295.000000 64.413669
293.000000 65.500000
290.000000 65.500000
287.000000 65.500000
284.000000 65.497500
282.000000 64.563187
279.000000 64.500000
277.000000 65.431319
274.500000 66.000000
272.500000 67.000000
270.500000 68.000000
268.500000 69.000000
266.500000 70.000000
264.500000 70.000000
262.000000 69.487245
260.000000 68.158824
259.000000 66.373418
257.969136 68.000000
256.000000 69.392442
253.000000 69.500000
250.000000 69.431319
248.000000 68.500000
245.000000 68.497500
242.000000 68.497500
239.000000 68.500000
236.000000 68.500000
233.500000 68.000000
231.000000 67.500000
228.000000 67.500000
225.000000 67.500000
222.000000 67.497500
219.000000 67.497500
216.000000 67.500000
214.000000 68.431319
211.000000 68.497500
208.000000 68.500000
205.000000 68.500000
202.000000 68.500000
199.000000 68.500000
196.000000 68.500000
193.000000 68.500000
190.000000 68.500000
187.000000 68.500000
184.000000 68.500000
182.000000 69.350610
180.490625 68.000000
178.509375 67.000000
177.000000 65.568681
175.000000 64.568681
173.000000 63.568681
170.503165 63.000000
168.503165 62.000000
166.618750 61.000000
164.313008 61.000000
162.000000 61.431319
160.000000 60.406250
157.000000 60.494975
154.000000 60.500000
151.687050 60.000000
150.000000 58.454128
149.000000 60.273649
147.000000 59.551205
145.000000 58.765060
144.000000 60.317308
141.000000 60.431319
139.649390 59.000000
141.000000 57.500000
142.509375 56.000000
145.000000 55.502500
147.000000 54.500000
148.500000 53.000000
150.000000 51.490625
151.000000 49.509375
152.500000 48.000000
154.000000 46.493789
155.000000 44.509375
156.431319 43.000000
157.434426 41.000000
158.500000 39.000000
159.568681 37.000000
161.000000 35.500000
162.586331 34.000000
164.000000 34.431319
167.000000 34.500000
170.000000 34.500000
173.000000 34.500000
176.000000 34.500000
179.000000 34.500000
181.500000 34.000000
184.000000 33.500000
186.000000 32.568681
188.500000 32.000000
190.503165 31.000000
192.500000 30.000000
194.493789 29.000000
196.000000 27.500000
197.431319 26.000000
197.000000 23.500000
196.000000 21.509375
194.568681 20.000000
193.500000 18.000000
192.000000 16.500000
190.490625 15.000000
188.512422 14.000000
187.000000 12.411972
186.000000 11.402439
185.000000 10.484733
182.000000 10.474093
180.875000 9.000000
178.000000 8.406250
175.545181 8.000000
174.945313 6.000000
172.000000 5.510563
170.000000 6.276667
167.000000 6.462963
166.000000 5.234375
165.000000 4.481343
163.000000 5.029915
160.000000 5.497500
158.000000 6.431319
155.000000 6.500000
152.506211 7.000000
151.000000 8.368263
149.000000 7.952055
147.774590 9.000000
147.000000 11.481132
145.568681 13.000000
144.500000 15.000000
143.000000 16.500000
141.000000 17.431319
139.514706 16.000000
137.908654 16.000000
137.305369 19.000000
136.000000 20.496914
134.500000 22.000000
133.431319 24.000000
132.497500 26.000000
131.500000 28.000000
130.500000 30.000000
129.560773 32.000000
128.568681 34.000000
128.000000 36.500000
127.497500 39.000000
128.000000 41.500000
128.568681 44.000000
130.000000 45.500000
131.509375 47.000000
134.000000 47.568681
135.350610 49.000000
134.000000 50.431319
131.500000 51.000000
129.000000 51.568681
127.000000 52.568681
125.409420 54.000000
124.000000 53.392086
123.502874 51.000000
123.000000 48.418919
121.883178 50.000000
121.526515 53.000000
121.291946 56.000000
121.445402 59.000000
122.000000 61.220588
122.468023 64.000000
123.200730 66.000000
123.563187 69.000000
125.000000 70.500000
127.000000 71.568681
129.000000 72.568681
130.500000 74.000000
131.000000 75.409420
129.000000 76.500000
126.000000 76.500000
123.000000 76.500000
120.000000 76.500000
117.000000 76.497500
114.000000 76.500000
111.500000 77.000000
109.000000 77.497500
106.000000 77.497500
104.000000 76.568681
101.000000 76.500000
98.000000 76.500000
95.000000 76.568681
93.490625 78.000000
91.000000 78.431319
89.000000 77.431319
87.500000 76.000000
86.000000 74.500000
84.000000 73.431319
82.496875 72.000000
80.509375 71.000000
79.000000 69.500000
77.000000 68.431319
75.490625 67.000000
73.509375 66.000000
72.000000 64.568681
70.000000 63.523669
69.000000 61.442308
68.000000 59.418269
66.601190 61.000000
65.000000 60.539548
63.000000 59.430921
61.000000 58.079439
60.000000 56.681818
59.000000 54.969828
57.231092 56.000000
55.546358 56.000000
54.055085 54.000000
53.130252 52.000000
52.461165 53.000000
51.000000 54.436813
49.000000 53.459877
47.000000 52.464072
44.490625 53.000000
42.512422 53.000000
41.568681 51.000000
43.000000 49.534682
45.000000 48.625874
46.000000 47.738636
44.000000 46.577869
43.571823 44.000000
45.000000 42.049451
46.296460 41.000000
45.000000 39.586806
43.575000 38.000000
44.571823 36.000000
45.782443 34.000000
47.000000 32.826531
46.000000 31.423077
45.492424 29.000000
44.599265 28.000000
43.000000 29.500000
41.563187 31.000000
40.563187 33.000000
39.500000 35.000000
38.497500 37.000000
37.568681 39.000000
37.000000 41.500000
36.500000 44.000000
36.000000 46.500000
35.500000 49.000000
35.497500 52.000000
35.500000 55.000000
35.000000 57.662162
33.000000 58.272277
33.841667 60.000000
36.000000 60.559659
38.000000 61.511976
40.000000 62.696667
39.000000 63.919355
39.265625 65.000000
42.000000 65.327815
44.413295 66.000000
43.000000 67.693103
44.000000 68.652344
47.000000 68.591772
49.483766 69.000000
51.303922 70.000000
49.632813 71.000000
49.000000 72.221014
52.000000 72.761029
55.000000 72.119469
56.332031 72.000000
58.000000 73.091398
61.000000 73.505025
63.000000 74.509375
64.000000 76.425000
66.000000 77.500000
68.000000 78.568681
70.000000 79.568681
71.509375 81.000000
74.000000 81.568681
76.000000 82.604046
78.000000 83.728188
80.000000 84.482857
83.000000 84.787770
85.000000 85.510152
87.390625 86.000000
89.000000 87.787129
92.000000 87.558333
95.000000 87.500000
97.500000 88.000000
99.496835 89.000000
102.000000 89.500000
105.000000 89.568681
107.000000 90.500000
110.000000 90.500000
112.500000 91.000000
115.000000 91.502500
118.000000 91.502500
121.000000 91.502500
124.000000 91.568681
125.350610 93.000000
124.000000 94.431319
121.000000 94.500000
118.000000 94.563187
116.000000 95.500000
113.000000 95.500000
110.000000 95.500000
107.000000 95.497500
104.000000 95.497500
101.000000 95.500000
98.000000 95.500000
95.000000 95.500000
92.000000 95.497500
89.000000 95.431319
87.000000 94.497500
84.000000 94.500000
82.431319 96.000000
81.000000 97.431319
79.000000 96.565574
76.500000 96.000000
74.000000 95.500000
71.000000 95.431319
69.000000 94.500000
67.000000 93.568681
65.000000 92.568681
62.000000 92.431319
60.000000 91.497500
57.000000 91.497500
54.000000 91.568681
52.000000 92.500000
49.000000 92.497500
46.500000 93.000000
44.000000 93.500000
41.016667 94.000000
39.725806 94.000000
38.000000 94.122047
36.000000 93.431818
34.739583 93.000000
35.000000 94.350000
33.000000 95.489848
31.000000 96.402857
29.000000 95.246667
27.487705 95.000000
26.708791 97.000000
24.000000 97.474093
22.000000 96.383803
20.000000 97.315476
18.000000 98.471354
15.000000 98.497500
13.000000 99.431319
11.000000 98.500000
9.000000 97.431319
7.000000 96.431319
5.490625 95.000000
3.409774 94.000000
2.507576 95.000000
2.497500 98.000000
3.431319 100.000000
4.431319 102.000000
5.500000 104.000000
7.000000 105.434426
9.000000 106.436813
12.000000 106.568681
13.509375 108.000000
16.000000 108.434426
18.000000 107.502500
20.690678 107.000000
22.000000 107.609155
23.315385 109.000000
24.468023 108.000000
25.524540 106.000000
28.000000 105.557065
30.000000 106.331776
32.000000 107.125000
32.186170 105.000000
35.000000 104.484456
37.000000 105.512903
38.632979 106.000000
38.544118 103.000000
41.000000 102.436813
43.000000 101.431319
45.000000 100.502500
48.000000 100.502500
50.000000 101.439227
52.000000 102.431319
55.000000 102.500000
57.000000 103.431319
60.000000 103.500000
62.000000 104.431319
65.000000 104.502500
68.000000 104.502500
70.000000 105.431319
73.000000 105.500000
76.000000 105.500000
79.000000 105.500000
81.000000 106.500000
82.586331 108.000000
84.000000 107.649390
86.000000 108.500000
89.000000 108.500000
92.000000 108.500000
95.000000 108.500000
98.000000 108.500000
100.496835 109.000000
103.000000 109.568681
106.000000 109.441667
108.000000 108.500000
111.000000 108.500000
114.000000 108.500000
116.503165 108.000000
119.000000 107.500000
122.000000 107.436813
124.000000 106.500000
127.000000 106.500000
129.500000 106.000000
132.000000 105.500000
134.000000 104.568681
137.000000 104.434426
139.000000 103.500000
141.503165 103.000000
144.000000 102.431319
146.000000 101.500000
148.500000 101.000000
151.000000 100.433702
152.509375 99.000000
155.000000 98.500000
157.000000 99.509375
158.000000 101.500000
158.000000 103.490625
156.500000 105.000000
155.000000 106.500000
153.490625 108.000000
151.000000 108.500000
148.000000 108.500000
145.500000 109.000000
143.000000 109.500000
140.000000 109.568681
138.000000 110.500000
135.000000 110.500000
133.000000 111.431319
130.000000 111.563187
128.000000 112.500000
125.500000 113.000000
123.000000 113.565574
121.000000 114.500000
118.500000 115.000000
116.000000 115.568681
114.000000 116.500000
111.496835 117.000000
109.000000 117.565574
107.000000 118.500000
104.000000 118.560773
102.000000 119.497500
99.000000 119.500000
96.000000 119.500000
94.000000 120.431319
91.000000 120.497500
89.000000 121.500000
87.000000 122.568681
85.000000 123.568681
83.000000 124.500000
81.000000 125.431319
78.000000 125.497500
76.000000 126.431319
73.496835 127.000000
71.496835 128.000000
69.509375 129.000000
68.000000 130.431319
66.000000 131.431319
64.000000 132.500000
62.000000 133.568681
60.500000 135.000000
59.000000 136.431319
57.000000 137.500000
55.490625 139.000000
53.480392 140.000000
52.000000 141.223404
50.000000 142.255906
48.000000 143.485119
46.115741 145.000000
44.266393 146.000000
43.000000 147.100877
41.000000 148.346154
39.000000 149.603846
37.000000 150.828431
35.959770 152.000000
34.000000 153.356115
32.277344 155.000000
32.000000 156.273810
33.000000 158.506289
33.000000 160.493631
32.568681 163.000000
34.000000 164.431319
36.000000 165.431319
39.000000 165.500000
42.000000 165.500000
45.000000 165.425000
45.000000 163.503125
43.500000 162.000000
42.500000 160.000000
43.509375 158.000000
45.493789 157.000000
47.000000 155.500000
48.512422 154.000000
50.490625 153.000000
52.000000 151.500000
53.503049 150.000000
55.000000 148.500000
57.000000 147.436813
58.509375 146.000000
60.500000 145.000000
62.490625 144.000000
64.000000 142.568681
66.000000 141.568681
68.000000 140.500000
70.000000 139.436813
72.000000 138.500000
74.500000 138.000000
76.500000 137.000000
78.503165 136.000000
80.500000 135.000000
82.503165 134.000000
84.500000 133.000000
86.500000 132.000000
88.500000 131.000000
91.000000 130.568681
93.000000 131.568681
95.000000 132.502500
98.000000 132.433702
100.000000 131.500000
102.000000 130.568681
104.000000 129.584746
106.500000 129.000000
109.000000 128.431319
111.000000 127.502500
113.500000 127.000000
116.000000 126.431319
118.000000 125.500000
120.503165 125.000000
123.000000 124.436813
125.000000 123.500000
128.000000 123.431319
130.000000 122.500000
132.500000 122.000000
135.000000 121.500000
137.000000 122.586331
136.500000 124.000000
135.000000 125.493939
133.000000 126.437853
130.966216 127.000000
129.548780 129.000000
132.000000 129.755172
133.500000 131.000000
134.000000 132.415441
133.000000 134.490625
131.000000 135.500000
128.000000 135.500000
125.000000 135.500000
122.000000 135.500000
119.000000 135.497500
116.000000 135.500000
113.496835 136.000000
111.000000 136.500000
108.496835 137.000000
106.000000 137.500000
103.496835 138.000000
101.000000 138.568681
99.000000 139.497500
97.000000 140.431319
94.500000 141.000000
92.500000 142.000000
90.000000 142.565574
88.000000 143.568681
86.000000 144.568681
84.000000 145.655063
84.350610 147.000000
83.000000 148.431319
80.000000 148.500000
78.000000 149.431319
76.000000 150.431319
74.000000 151.500000
72.500000 153.000000
71.000000 154.500000
69.500000 156.000000
68.000000 157.500000
66.500000 159.000000
65.431319 161.000000
64.431319 163.000000
63.000000 164.506211
62.431319 167.000000
61.500000 169.000000
60.563187 171.000000
60.000000 173.465625
58.183333 175.000000
56.736607 176.000000
57.000000 178.560870
59.000000 179.261364
61.000000 180.512422
61.500000 183.000000
62.000000 185.500000
62.497500 188.000000
62.563187 191.000000
63.500000 193.000000
64.431319 195.000000
63.563187 197.000000
63.497500 200.000000
63.500000 203.000000
64.000000 205.425000
66.000000 206.500000
67.431319 208.000000
67.568681 211.000000
68.568681 213.000000
69.500000 215.000000
70.431319 217.000000
71.431319 219.000000
72.000000 221.503165
73.000000 223.500000
74.000000 225.500000
75.000000 227.500000
76.000000 229.490625
77.431319 231.000000
78.500000 233.000000
79.565574 235.000000
81.000000 236.500000
82.500000 238.000000
83.568681 240.000000
85.000000 241.500000
86.431319 243.000000
87.490964 245.000000
89.000000 246.699219
90.000000 248.681102
90.629496 251.000000
90.841880 254.000000
91.300781 256.000000
93.000000 257.346154
94.383495 256.000000
95.000000 253.716667
96.487421 255.000000
98.000000 256.500000
99.509375 258.000000
101.577206 259.000000
103.000000 258.568681
105.000000 259.500000
106.509375 261.000000
109.000000 261.500000
111.000000 262.427374
113.000000 263.015957
114.525362 265.000000
116.000000 266.050926
117.789683 268.000000
119.542208 269.000000
121.292000 270.000000
123.000000 271.197368
125.000000 272.576613
126.985149 274.000000
128.588435 275.000000
131.000000 275.702614
133.000000 276.818519
134.865000 278.000000
137.000000 278.790984
139.000000 279.531414
141.268182 280.000000
143.000000 281.046610
146.000000 281.454787
148.000000 282.493939
151.000000 282.986957
153.000000 283.323899
155.000000 282.560109
158.000000 282.787770
160.000000 283.193431
162.000000 282.505650
165.000000 282.575472
166.590909 282.000000
168.095000 282.000000
170.461268 281.000000
172.000000 279.689286
174.000000 278.237500
175.617347 277.000000
177.000000 275.187500
178.000000 273.396000
177.861345 272.000000
176.922619 271.000000
175.000000 272.352273
173.269231 274.000000
171.000000 274.665605
169.000000 275.454301
166.000000 275.100000
164.000000 274.716667
161.000000 274.465426
158.000000 274.128906
156.074257 273.000000
156.000000 270.744318
153.000000 270.849515
151.000000 271.356707
149.000000 270.534188
148.377976 268.000000
147.635965 266.000000
146.000000 264.621739
144.000000 265.358896
142.179167 264.000000
142.000000 261.331522
140.000000 260.766187
137.758772 260.000000
136.726950 258.000000
137.117886 256.000000
136.417293 254.000000
135.000000 252.228155
132.000000 252.126168
131.000000 250.841772
130.403226 248.000000
131.434659 246.000000
132.495690 245.000000
134.000000 246.304878
135.000000 248.454167
136.352041 250.000000
139.000000 250.511834
140.425000 252.000000
141.421788 254.000000
142.487730 256.000000
144.000000 257.060748
147.000000 257.444134
148.512422 256.000000
150.421788 256.000000
151.000000 258.500000
153.000000 259.507576
156.000000 259.427374
157.000000 257.528846
159.000000 256.568681
161.000000 257.502500
164.000000 257.502500
166.000000 258.506135
168.000000 259.441667
169.406716 259.000000
172.000000 259.502500
174.000000 260.433702
176.481132 261.000000
178.000000 262.434426
180.246212 263.000000
182.000000 264.540462
183.500000 266.000000
185.000000 267.338509
185.502500 265.000000
185.500000 262.000000
185.000000 259.506211
183.568681 258.000000
182.493789 256.000000
180.509375 255.000000
179.000000 253.500000
177.500000 252.000000
176.000000 250.568681
174.000000 249.500000
172.490625 248.000000
170.515625 247.000000
169.000000 245.500000
167.500000 244.000000
166.000000 242.500000
164.500000 241.000000
163.431319 239.000000
162.000000 237.500000
160.500000 236.000000
159.000000 234.500000
157.568681 233.000000
156.500000 231.000000
155.000000 229.487578
154.000000 227.506211
152.500000 226.000000
151.000000 224.490625
150.000000 222.506211
148.568681 221.000000
147.500000 219.000000
146.000000 217.496951
144.500000 216.000000
143.000000 214.500000
141.500000 213.000000
140.000000 211.500000
138.500000 210.000000
137.000000 208.496951
135.500000 207.000000
134.000000 205.500000
132.500000 204.000000
131.000000 202.568681
129.000000 201.500000
127.500000 200.000000
126.000000 198.490625
125.000000 196.575000
123.000000 195.500000
121.500000 194.000000
120.000000 192.500000
118.500000 191.000000
117.000000 189.500000
115.490625 188.000000
113.509375 187.000000
112.000000 185.500000
110.000000 184.431319
108.500000 183.000000
107.000000 181.565574
105.000000 180.500000
103.000000 179.431319
101.500000 178.000000
101.000000 176.586331
102.509375 175.000000
105.000000 174.502500
108.000000 174.500000
109.851145 176.000000
110.487500 178.000000
112.257009 178.000000
113.270833 176.000000
114.511976 174.000000
116.000000 172.568681
118.000000 171.571823
121.000000 171.444751
122.637931 171.000000
123.000000 173.871212
124.000000 175.296053
125.221805 174.000000
126.509036 172.000000
128.000000 170.500000
129.500000 169.000000
131.000000 167.568681
133.000000 166.571823
134.448387 168.000000
135.000000 170.262097
137.000000 169.489247
138.000000 167.705645
140.000000 166.568681
141.500000 168.000000
143.000000 169.509375
143.494975 172.000000
143.471875 175.000000
144.190789 176.000000
146.000000 174.485119
148.000000 173.568681
149.493939 175.000000
150.748062 177.000000
150.440397 180.000000
151.000000 182.370588
152.728448 181.000000
154.000000 179.584746
156.490625 180.000000
157.526455 182.000000
157.606383 185.000000
157.597902 188.000000
159.000000 189.350000
160.173387 188.000000
161.000000 185.753472
164.000000 185.568681
165.500000 187.000000
166.548128 189.000000
167.351240 191.000000
167.346491 194.000000
168.000000 196.771277
169.770270 195.000000
170.000000 192.844340
172.000000 191.500000
175.000000 191.568681
176.500000 193.000000
178.000000 194.542763
178.187500 197.000000
178.000000 198.261905
180.000000 199.454955
181.000000 197.986957
183.000000 196.506135
185.000000 195.568681
187.000000 196.500000
189.490625 197.000000
190.425000 199.000000
189.000000 200.013514
187.000000 201.795455
186.000000 203.722973
185.242308 206.000000
186.000000 208.994186
187.130208 210.000000
189.000000 211.426923
192.000000 211.536885
193.358268 210.000000
193.837121 207.000000
193.000000 204.181319
193.000000 202.692000
195.000000 201.436813
196.413669 201.000000
198.000000 202.500000
199.496951 204.000000
201.000000 205.340625
202.000000 203.506369
203.000000 201.509375
204.409420 201.000000
206.000000 202.500000
207.506211 204.000000
209.490625 204.000000
211.000000 202.500000
212.413669 202.000000
214.000000 203.552980
215.000000 205.207692
217.000000 206.599057
217.381988 204.000000
219.000000 202.436813
221.000000 201.500000
223.000000 202.528846
224.000000 204.098214
225.000000 206.397196
226.077381 207.000000
227.217857 205.000000
228.000000 202.571823
230.484568 203.000000
232.000000 204.795652
233.000000 206.085859
234.804348 205.000000
235.526471 203.000000
237.000000 201.653374
238.402857 203.000000
238.827103 206.000000
240.738372 206.000000
242.000000 204.191358
243.500000 203.000000
245.000000 201.568681
247.000000 202.503086
248.281457 204.000000
248.554422 207.000000
248.789683 210.000000
250.000000 211.357692
252.000000 212.394040
254.688406 212.000000
256.000000 210.644231
256.219231 208.000000
255.364035 206.000000
254.000000 204.734127
252.462644 203.000000
251.436813 201.000000
251.000000 199.597744
252.000000 197.509375
254.000000 196.568681
256.000000 197.434426
258.000000 196.568681
259.500000 198.000000
261.000000 199.500000
262.347134 200.000000
263.000000 197.503165
264.000000 195.503165
265.000000 193.509375
267.000000 192.434426
269.000000 191.823308
269.626812 194.000000
271.000000 195.650000
272.781481 194.000000
273.690476 192.000000
274.000000 189.723140
275.509375 188.000000
278.000000 187.507576
279.733607 189.000000
281.000000 190.668067
283.100000 190.000000
283.535294 187.000000
283.640127 184.000000
285.000000 182.568681
288.000000 182.651235
290.000000 183.367470
290.494819 181.000000
291.000000 178.509375
293.000000 177.431319
295.000000 176.568681
296.599265 178.000000
297.492424 177.000000
297.502500 174.000000
298.434426 172.000000
299.000000 169.509375
300.561224 168.000000
302.061905 168.000000
304.000000 169.962366
305.000000 168.797619
304.502500 166.000000
304.568681 163.000000
306.000000 161.649390
307.424528 163.000000
308.500000 165.000000
310.000000 166.430233
311.031250 165.000000
313.000000 163.568681
315.000000 164.500000
317.000000 165.599291
317.731618 168.000000
318.522901 170.000000
320.438525 170.000000
321.428058 168.000000
323.000000 166.528646
325.500000 167.000000
328.000000 167.665625
328.941441 170.000000
330.000000 171.500000
331.952586 170.000000
333.000000 168.600575
336.000000 168.500000
338.490625 169.000000
339.000000 170.413669
337.487578 172.000000
335.500000 173.000000
333.506211 174.000000
332.000000 175.431319
330.000000 176.500000
328.000000 177.563187
326.500000 179.000000
325.000000 180.500000
323.000000 181.568681
321.500000 183.000000
320.000000 184.500000
318.500000 186.000000
317.000000 187.500000
315.500000 189.000000
314.000000 190.500000
312.500000 192.000000
311.000000 193.500000
309.500000 195.000000
308.000000 196.500000
306.500000 198.000000
305.000000 199.500000
303.500000 201.000000
302.000000 202.431319
300.000000 203.431319
298.000000 204.500000
296.000000 205.565574
294.490625 207.000000
292.496835 208.000000
290.509375 209.000000
289.000000 210.431319
287.000000 211.500000
285.000000 212.568681
283.500000 214.000000
282.000000 215.500000
280.496914 217.000000
279.000000 218.500000
277.500000 220.000000
276.000000 221.431319
274.000000 222.496951
272.496951 224.000000
271.000000 225.500000
269.500000 227.000000
268.000000 228.431319
266.000000 229.500000
264.500000 231.000000
263.000000 232.493865
261.000000 233.568681
259.500000 235.000000
258.000000 236.496951
256.496951 238.000000
255.000000 239.500000
253.500000 241.000000
252.431319 243.000000
251.431319 245.000000
250.497500 247.000000
249.563187 249.000000
250.000000 251.503165
251.000000 253.425000
253.000000 252.500000
254.509375 251.000000
256.493789 250.000000
258.000000 248.568681
260.000000 247.587079
262.000000 248.314394
264.197115 248.000000
265.000000 245.695489
266.059633 245.000000
267.077320 247.000000
270.000000 247.044872
271.000000 245.735714
273.204225 245.000000
274.535928 243.000000
276.723684 242.000000
277.995050 243.000000
279.000000 244.265217
281.000000 245.537594
283.000000 246.141026
284.862245 245.000000
286.433702 244.000000
287.593525 242.000000
289.000000 242.468023
290.895455 244.000000
292.020270 245.000000
294.811688 245.000000
296.735294 244.000000
298.000000 242.993590
299.000000 240.860577
300.509375 239.000000
303.000000 238.431319
305.000000 237.507576
307.000000 236.568681
309.490625 237.000000
311.000000 238.586331
310.568681 240.000000
310.500000 243.000000
310.431319 246.000000
309.431319 248.000000
308.431319 250.000000
307.428177 252.000000
306.000000 253.280405
303.995000 254.000000
304.228155 256.000000
305.418539 258.000000
304.497500 260.000000
303.500000 262.000000
302.431319 264.000000
301.000000 265.500000
299.500000 267.000000
298.431319 269.000000
297.000000 270.431319
295.431319 272.000000
294.000000 273.431319
292.000000 274.500000
290.500000 276.000000
289.000000 277.431319
287.000000 278.431319
284.493631 279.000000
282.000000 279.497500
280.000000 280.431319
277.000000 280.500000
274.000000 280.497500
271.000000 280.500000
269.000000 279.560773
266.500000 279.000000
264.512422 278.000000
263.000000 276.496951
261.000000 275.500000
259.500000 277.000000
260.000000 279.500000
261.000000 281.503165
262.000000 283.490625
263.496951 285.000000
265.000000 286.500000
266.493865 288.000000
268.000000 289.434426
270.000000 290.431319
272.496835 291.000000
275.000000 291.500000
277.000000 292.436813
280.000000 292.500000
283.000000 292.500000
286.000000 292.500000
289.000000 292.431319
291.000000 291.500000
293.516234 291.000000
296.000000 290.500000
298.000000 289.568681
300.503165 289.000000
303.000000 288.431319
304.509375 287.000000
306.500000 286.000000
308.493789 285.000000
310.000000 283.568681
312.000000 282.500000
313.509375 281.000000
315.490625 280.000000
317.000000 278.500000
318.500000 277.000000
320.000000 275.500000
321.500000 274.000000
322.568681 272.000000
324.000000 270.500000
325.431319 269.000000
326.500000 267.000000
327.568681 265.000000
329.000000 263.500000
331.000000 262.502500
333.000000 261.568681
335.000000 262.431319
337.000000 261.568681
339.000000 260.500000
340.422794 260.000000
342.427374 260.000000
343.503049 258.000000
345.000000 256.490625
346.000000 254.509375
347.500000 253.000000
349.000000 251.500000
350.500000 250.000000
352.000000 248.500000
353.500000 247.000000
355.000000 245.500000
356.500000 244.000000
358.000000 242.500000
359.500000 241.000000
361.000000 239.490625
362.000000 237.509375
363.500000 236.000000
365.000000 234.500000
366.500000 233.000000
367.568681 231.000000
369.000000 229.500000
370.431319 228.000000
371.500000 226.000000
372.568681 224.000000
374.000000 222.500000
375.431319 221.000000
376.436813 219.000000
377.500000 217.000000
378.568681 215.000000
379.568681 213.000000
380.568681 211.000000
381.502500 209.000000
382.431319 207.000000
382.568681 204.000000
383.500000 202.000000
383.568681 199.000000
385.000000 197.500000
386.500000 196.000000
387.500000 194.000000
387.500000 191.000000
387.000000 188.422794
387.436813 187.000000
388.000000 184.503165
388.500000 182.000000
388.500000 179.000000
388.502500 176.000000
388.578212 173.000000
389.571823 171.000000
392.000000 170.467742
394.301724 170.000000
394.000000 167.212500
392.443548 166.000000
390.899194 165.000000
389.568681 163.000000
389.000000 160.500000
388.000000 158.490385
387.442308 156.000000
387.000000 154.563063
389.000000 153.994186
389.000000 151.756637
386.953125 151.000000
385.000000 149.565574
383.000000 148.500000
381.493789 147.000000
379.509375 146.000000
378.000000 144.500000
376.000000 143.431319
374.493789 142.000000
372.500000 141.000000
370.000000 140.500000
367.000000 140.500000
364.509375 140.000000
363.000000 138.500000
361.500000 137.000000
361.000000 135.500000
363.000000 134.568681
365.000000 135.568681
367.000000 136.502500
369.496835 137.000000
372.000000 137.502500
374.000000 138.433702
376.000000 139.436813
378.000000 140.436813
380.000000 141.500000
381.509375 143.000000
384.000000 143.568681
386.000000 144.568681
388.000000 145.568681
389.506211 147.000000
391.490625 148.000000
393.000000 149.509375
394.000000 151.425000
396.000000 152.500000
398.000000 153.568681
399.431319 155.000000
400.350610 157.000000
399.431319 159.000000
398.000000 160.509375
397.000000 162.490625
395.661491 164.000000
398.000000 164.500000
400.000000 163.568681
403.000000 163.431319
405.000000 162.436813
406.500000 161.000000
407.568681 159.000000
409.000000 157.500000
410.439227 156.000000
411.572289 154.000000
412.491870 152.000000
410.000000 151.192308
407.512903 151.000000
405.693103 150.000000
406.015957 148.000000
404.000000 147.539286
401.000000 147.428177
399.500000 146.000000
398.000000 144.568681
396.000000 143.500000
394.000000 142.431319
392.500000 141.000000
391.000000 139.565574
389.000000 138.500000
387.000000 137.431319
385.000000 136.431319
383.500000 135.000000
382.000000 133.568681
380.000000 132.563187
378.000000 131.563187
376.000000 130.568681
374.000000 129.500000
372.000000 128.431319
370.000000 127.431319
368.000000 126.500000
366.000000 125.568681
364.000000 124.568681
361.500000 124.000000
359.000000 123.411932
357.739316 122.000000
356.429245 120.000000
355.000000 118.676471
352.000000 118.644531
349.000000 118.500000
346.000000 118.500000
343.000000 118.500000
340.503165 118.000000
338.000000 117.500000
335.509375 117.000000
335.000000 115.586331
337.000000 114.500000
340.000000 114.500000
343.000000 114.500000
346.000000 114.568681
348.000000 115.500000
351.000000 115.502500
354.000000 115.568681
356.000000 116.433702
357.509375 115.000000
360.000000 114.500000
363.000000 114.500000
366.000000 114.500000
369.000000 114.500000
372.000000 114.500000
374.500000 114.000000
377.000000 113.502500
380.000000 113.431319
382.000000 112.500000
385.000000 112.431319
387.000000 111.500000
389.503165 111.000000
392.000000 110.436813
394.000000 109.568681
396.000000 110.721477
397.191860 112.000000
399.000000 113.551887
401.000000 114.284091
401.000000 112.979167
401.219626 112.000000
404.000000 112.721477
405.000000 114.168478
406.000000 116.013158
407.336806 115.000000
408.315574 114.000000
410.610577 115.000000
412.000000 116.853261
413.000000 118.168605
415.000000 119.695313
415.671717 117.000000
417.000000 117.450820
419.399306 118.000000
421.000000 119.075758
422.526042 121.000000
423.675573 120.000000
426.000000 119.434426
428.000000 118.500000
431.000000 118.500000
433.500000 118.000000
435.493789 117.000000
437.000000 115.490625
438.000000 113.503165
439.000000 111.500000
439.568681 109.000000
440.500000 107.000000
440.344937 104.000000
439.000000 104.431319
437.000000 105.500000
435.000000 106.565574
433.000000 107.470109
431.000000 106.225275
429.708054 106.000000
430.581481 108.000000
431.489848 110.000000
430.490625 112.000000
428.000000 112.497500
426.000000 111.568681
423.000000 111.248252
422.000000 109.173684
420.000000 110.077869
418.000000 109.563187
415.800781 109.000000
416.000000 107.401786
414.000000 106.757937
412.000000 107.444134
409.571839 107.000000
409.000000 104.683007
406.468750 105.000000
404.000000 105.169173
402.456731 104.000000
403.000000 102.589888
400.592391 103.000000
398.000000 103.492424
396.000000 102.568681
393.000000 102.431319
391.000000 101.500000
388.000000 101.500000
385.000000 101.500000
382.000000 101.500000
380.000000 102.431319
377.000000 102.500000
375.000000 103.425000
372.000000 103.568681
370.000000 104.500000
367.000000 104.497500
364.402256 105.000000
363.000000 104.643293
361.000000 105.431319
359.000000 104.425000
358.000000 102.572626
355.000000 102.500000
352.000000 102.500000
349.000000 102.500000
346.000000 102.497500
343.000000 102.500000
340.000000 102.500000
337.000000 102.500000
334.000000 102.431319
332.000000 101.500000
329.000000 101.500000
327.000000 100.413669
327.509375 99.000000
330.000000 98.500000
333.000000 98.500000
335.000000 99.431319
338.000000 99.500000
341.000000 99.500000
344.000000 99.500000
347.000000 99.500000
349.500000 99.000000
352.000000 98.434426
354.000000 97.500000
357.000000 97.431319
359.000000 96.434426
361.000000 95.502500
363.000000 94.500000
365.000000 93.431319
367.000000 92.431319
369.000000 91.436813
371.000000 90.436813
373.000000 89.431319
374.509375 88.000000
376.490625 87.000000
378.000000 85.568681
380.000000 84.500000
381.500000 83.000000
383.000000 81.500000
385.000000 80.500000
388.000000 80.523196
390.000000 81.174528
392.000000 82.344660
392.527523 80.000000
394.000000 78.585890
397.000000 78.965686
399.000000 79.145669
400.086667 78.000000
398.506410 77.000000
400.000000 75.457386
402.000000 74.607383
405.000000 74.496212
406.000000 73.491071
406.000000 71.616071
409.000000 71.124000
410.211712 70.000000
410.000000 68.585106
411.431319 67.000000
410.568681 65.000000
411.000000 62.503165
411.500000 60.000000
411.500000 57.000000
411.000000 54.500000
410.502500 52.000000
409.568681 50.000000
409.000000 47.500000
408.431319 45.000000
407.431319 43.000000
406.431319 41.000000
405.431319 39.000000
404.000000 37.490625
403.000000 35.674051
402.507576 38.000000
402.500000 41.000000
403.431319 43.000000
402.647239 45.000000
403.431319 47.000000
402.500000 49.000000
402.497500 52.000000
402.497500 55.000000
402.500000 58.000000
401.582759 60.000000
400.000000 61.431319
398.000000 62.431319
396.000000 63.100806
395.000000 61.736301
393.558394 63.000000
392.373684 64.000000
391.596154 62.000000
390.332000 63.000000
389.121359 65.000000
388.000000 66.418539
385.000000 66.496575
383.000000 65.716667
382.654255 68.000000
381.000000 69.478378
379.000000 68.534722
378.372611 71.000000
377.000000 72.500000
375.490625 74.000000
373.509375 75.000000
372.000000 76.500000
370.490625 78.000000
368.000000 78.568681
366.000000 79.568681
364.000000 80.568681
362.490625 82.000000
360.509375 83.000000
359.000000 84.500000
357.500000 86.000000
356.000000 87.431319
354.000000 88.431319
351.500000 88.000000
349.000000 87.497500
346.500000 87.000000
344.000000 86.500000
341.000000 86.500000
338.500000 86.000000
336.000000 85.500000
333.500000 85.000000
331.000000 84.500000
328.000000 84.431319
326.000000 83.500000
323.000000 83.431319
321.000000 82.497500
318.000000 82.431319
316.000000 81.500000
313.000000 81.497500
311.000000 80.500000
309.649390 79.000000
311.000000 77.568681
313.000000 76.500000
314.500000 75.000000
315.568681 73.000000
316.502500 71.000000
317.000000 68.500000
317.500000 66.000000
317.457672 63.000000
317.000000 61.673913
317.000000 59.480769
316.484568 57.000000
315.401163 56.000000
314.478659 58.000000
312.503165 58.000000
310.509375 57.000000
310.000000 55.593525
311.500000 54.000000
313.000000 52.493789
313.568681 50.000000
314.500000 48.000000
314.568681 45.000000
315.502500 43.000000
315.500000 40.000000
315.502500 37.000000
315.500000 34.000000
315.500000 31.000000
315.436813 28.000000
314.000000 26.500000
312.500000 25.000000
311.431319 23.000000
310.568681 21.000000
311.500000 19.000000
310.568681 17.000000
309.568681 15.000000
308.568681 13.000000
307.500000 11.000000
306.000000 9.500000
304.000000 8.431319
302.500000 7.000000
301.000000 5.565574
299.000000 4.565574
297.000000 3.568681
294.503165 3.000000
292.512422 2.000000
290.000000 1.288079
288.000000 0.428177
285.000000 0.500000
282.000000 0.497500
