-0.42918 0.209196
-0.429942 0.225954
-0.422262 0.243434
-0.413497 0.260904
-0.415847 0.287598
-0.40306 0.305804
-0.377204 0.308876
-0.361108 0.324829
-0.350952 0.344777
-0.337698 0.367047
-0.316215 0.378524
-0.298845 0.394493
-0.291855 0.419719
-0.269478 0.431549
-0.242622 0.439099
-0.237404 0.469115
-0.212326 0.464456
-0.197819 0.479901
-0.179086 0.475565
-0.162924 0.471401
-0.146701 0.470974
-0.152322 0.455352
-0.163572 0.438922
-0.17933 0.424629
-0.171996 0.398788
-0.182664 0.38195
-0.199901 0.368396
-0.199931 0.346237
-0.2171 0.328713
-0.197939 0.319323
-0.179296 0.333375
-0.161558 0.320629
-0.14377 0.324527
-0.126737 0.316256
-0.107843 0.32732
-0.0906046 0.306665
-0.0781578 0.312275
-0.0606561 0.303899
-0.067372 0.283416
-0.0923916 0.274515
-0.101648 0.251693
-0.12039 0.241661
-0.137632 0.230293
-0.1548 0.221309
-0.173561 0.219199
-0.196314 0.236215
-0.213362 0.223251
-0.224068 0.199804
-0.245114 0.19988
-0.2618 0.193885
-0.273207 0.183661
-0.277593 0.166672
-0.296641 0.149125
-0.278821 0.133166
-0.261573 0.121084
-0.2459 0.106345
-0.224271 0.096154
-0.212135 0.0829919
-0.197147 0.0608797
-0.179495 0.0789987
-0.164305 0.0938915
-0.149398 0.109305
-0.14904 0.138258
-0.126105 0.147749
-0.105025 0.150017
-0.0878166 0.152792
-0.072204 0.148852
-0.0556689 0.13958
-0.0388554 0.139127
-0.0265283 0.128692
-0.00548346 0.120511
0.0175924 0.112217
0.0363937 0.130111
0.0444795 0.157885
0.06391 0.167036
0.0847266 0.160158
0.105201 0.164598
0.115746 0.138457
0.138408 0.138266
0.163047 0.125726
0.167215 0.102417
0.174976 0.0776782
0.20221 0.0897826
0.216443 0.0678224
0.216527 0.0966011
0.249342 0.0968614
0.254 0.123782
0.282596 0.123879
0.284381 0.148378
0.289052 0.164926
0.273739 0.178773
0.277824 0.205069
0.249152 0.188951
0.230654 0.197684
0.216475 0.21208
0.197185 0.213136
0.18161 0.224112
0.166655 0.239683
0.145713 0.232038
0.129219 0.242399
0.114576 0.256066
0.0840042 0.254431
0.0790765 0.280947
0.0619761 0.297144
0.0660822 0.321642
0.088196 0.332145
0.106735 0.325604
0.125879 0.307872
0.143285 0.315002
0.15995 0.321324
0.177688 0.311089
0.194975 0.330973
0.214129 0.325282
0.220565 0.348059
0.192902 0.357939
0.190594 0.378958
0.18354 0.397604
0.175254 0.415635
0.16188 0.431121
0.164595 0.454651
0.145252 0.468141
0.163097 0.470243
0.177688 0.482684
0.197068 0.48799
0.209499 0.463878
0.226948 0.456363
0.246875 0.450106
0.268337 0.436547
0.29042 0.422317
0.296615 0.398413
0.320881 0.387971
0.339947 0.376197
0.347375 0.347071
0.358998 0.325134
0.380026 0.31527
0.397353 0.303922
0.416806 0.293359
0.411125 0.263667
0.439389 0.256127
0.429597 0.230036
0.437889 0.214395
0.455857 0.198092
0.443196 0.179601
0.454483 0.161863
0.441358 0.14456
0.44396 0.12558
0.426247 0.107833
0.429128 0.0909091
0.437196 0.0734332
0.434656 0.0555067
0.422508 0.0398443
0.426123 0.0177176
0.409206 0.00310745
0.403491 -0.0209773
0.37709 -0.0308878
0.361759 -0.0510421
0.346908 -0.0648944
0.326314 -0.076391
0.340564 -0.095219
0.34596 -0.113481
0.337011 -0.13076
0.340063 -0.151209
0.336112 -0.169149
0.327129 -0.182752
0.337794 -0.205492
0.34824 -0.225587
0.365759 -0.237399
0.380177 -0.253199
0.382518 -0.273313
0.368248 -0.290442
0.354704 -0.304736
0.358034 -0.326218
0.357187 -0.343434
0.34763 -0.365117
0.369156 -0.377853
0.370364 -0.396399
0.363556 -0.415773
0.381695 -0.433467
0.357629 -0.444027
0.356772 -0.469554
0.332245 -0.470954
0.313378 -0.455196
0.299961 -0.439219
0.302333 -0.439501
0.292595 -0.447894
0.303709 -0.466952
0.280416 -0.47611
0.270342 -0.48601
0.25702 -0.47974
0.238665 -0.467182
0.223417 -0.448432
0.204843 -0.448843
0.221548 -0.472284
0.213171 -0.490023
0.214853 -0.509671
0.197587 -0.520927
0.181328 -0.517277
0.165868 -0.502392
0.149249 -0.488832
0.142287 -0.470029
0.13287 -0.452534
0.115712 -0.441659
0.1081 -0.429497
0.0993477 -0.407142
0.0788087 -0.402237
0.0639199 -0.386801
0.0497748 -0.372119
0.0472381 -0.352169
0.0445681 -0.335947
0.0343702 -0.319464
0.0273587 -0.30666
0.0136083 -0.302364
-0.0041301 -0.29988
-0.022987 -0.298852
-0.0316143 -0.313194
-0.0367472 -0.32991
-0.0380129 -0.347959
-0.0341432 -0.369118
-0.0549951 -0.381934
-0.0715907 -0.395142
-0.0840024 -0.414065
-0.103523 -0.419789
-0.12767 -0.420142
-0.122975 -0.447997
-0.137731 -0.462203
-0.13657 -0.485634
-0.167353 -0.491218
-0.163657 -0.526826
-0.188992 -0.531371
-0.199252 -0.510177
-0.22169 -0.49947
-0.199337 -0.478936
-0.211273 -0.461269
-0.214511 -0.443816
-0.22062 -0.467584
-0.237437 -0.4897
-0.262702 -0.484234
-0.282713 -0.496586
-0.290958 -0.472513
-0.28603 -0.454545
-0.294455 -0.437821
-0.295735 -0.411553
-0.310919 -0.440498
-0.331733 -0.450986
-0.345594 -0.459826
-0.359314 -0.453145
-0.36808 -0.438679
-0.361741 -0.422301
-0.376612 -0.401482
-0.370159 -0.384534
-0.355763 -0.369047
-0.36275 -0.347745
-0.346088 -0.331919
-0.369356 -0.319417
-0.377212 -0.30075
-0.372328 -0.279668
-0.357197 -0.263215
-0.373278 -0.241495
-0.361448 -0.224766
-0.336715 -0.216126
-0.328569 -0.190119
-0.325668 -0.172526
-0.32959 -0.156673
-0.339005 -0.140254
-0.330933 -0.118684
-0.335754 -0.102056
-0.334995 -0.0842268
-0.345442 -0.0725793
-0.359799 -0.065605
-0.375359 -0.0456562
-0.389676 -0.0238674
-0.402414 -0.0053865
-0.413515 0.0123417
-0.420828 0.033226
-0.44235 0.0448884
-0.428758 0.0679232
-0.429932 0.0842572
-0.426869 0.10081
-0.434022 0.119734
-0.449424 0.134242
-0.428988 0.156682
-0.449359 0.172949
-0.442748 0.190687
-0.434186 0.208426
