-0.49689 0.34475
-0.483527 0.364794
-0.461255 0.378157
-0.438984 0.378157
-0.416712 0.378157
-0.39444 0.378157
-0.372169 0.373703
-0.349897 0.367022
-0.327625 0.36034
-0.305353 0.351431
-0.283082 0.340296
-0.26081 0.326932
-0.238538 0.311342
-0.216267 0.295752
-0.193995 0.277935
-0.171723 0.255663
-0.153906 0.233391
-0.133861 0.21112
-0.116044 0.188848
-0.102681 0.166576
-0.0915449 0.144304
-0.0781819 0.122033
-0.067046 0.099761
-0.0559102 0.0774893
-0.0470015 0.0552176
-0.0380928 0.0329458
-0.0336384 0.0106741
-0.0202754 -0.000461731
-0.00468521 0.0129013
0.0175865 0.0106741
0.0331767 -0.00491607
0.0398582 0.0173556
0.0487669 0.0396274
0.0554484 0.0618991
0.0643571 0.0841708
0.0799473 0.106443
0.0866288 0.128714
0.0999919 0.150986
0.111128 0.173258
0.128945 0.195529
0.146762 0.217801
0.162353 0.240073
0.184624 0.262345
0.206896 0.284616
0.229168 0.300206
0.25144 0.318024
0.273711 0.331387
0.295983 0.34475
0.318255 0.353659
0.340526 0.362567
0.362798 0.369249
0.38507 0.373703
0.407342 0.378157
0.429613 0.378157
0.451885 0.378157
0.474157 0.378157
0.494201 0.358113
0.50311 0.338068
0.50311 0.315797
0.50311 0.293525
0.50311 0.271253
0.50311 0.248981
0.50311 0.22671
0.498656 0.204438
0.498656 0.182166
0.491974 0.159895
0.48752 0.137623
0.483065 0.115351
0.478611 0.0930795
0.471929 0.0708078
0.463021 0.048536
0.451885 0.0262643
0.434068 0.00399261
0.411796 -0.00937042
0.389524 -0.0160519
0.371707 -0.0271878
0.389524 -0.0494595
0.40066 -0.0717312
0.407342 -0.0940029
0.407342 -0.116275
0.407342 -0.138546
0.405114 -0.160818
0.402887 -0.18309
0.398433 -0.205362
0.391751 -0.227633
0.382843 -0.249905
0.376161 -0.272177
0.362798 -0.294448
0.349435 -0.31672
0.333845 -0.338992
0.318255 -0.361264
0.29821 -0.383535
0.275938 -0.401353
0.253667 -0.416943
0.233622 -0.421397
0.21135 -0.421397
0.189079 -0.421397
0.166807 -0.410261
0.144535 -0.390217
0.122264 -0.367945
0.106673 -0.345673
0.0933103 -0.323402
0.0799473 -0.30113
0.0688115 -0.278858
0.0599028 -0.256586
0.0509941 -0.234315
0.0443126 -0.212043
0.0331767 -0.209816
0.0309495 -0.232088
0.0220408 -0.254359
-0.000230865 -0.265495
-0.0202754 -0.247678
-0.0291841 -0.225406
-0.0314113 -0.203134
-0.0425471 -0.218725
-0.0470015 -0.240996
-0.0559102 -0.263268
-0.0648188 -0.28554
-0.0759547 -0.307811
-0.0915449 -0.330083
-0.104908 -0.352355
-0.122725 -0.374627
-0.144997 -0.396898
-0.167269 -0.414716
-0.18954 -0.421397
-0.211812 -0.421397
-0.234084 -0.421397
-0.254128 -0.412488
-0.2764 -0.394671
-0.298672 -0.376854
-0.316489 -0.354582
-0.334307 -0.33231
-0.34767 -0.310039
-0.358805 -0.287767
-0.372169 -0.265495
-0.381077 -0.243223
-0.385532 -0.220952
-0.392213 -0.19868
-0.396667 -0.176408
-0.401122 -0.154137
-0.401122 -0.131865
-0.401122 -0.109593
-0.396667 -0.0873214
-0.389986 -0.0650497
-0.37885 -0.042778
-0.367714 -0.0205063
-0.389986 -0.0138248
-0.412258 -0.00491607
-0.432302 0.0106741
-0.447892 0.0329458
-0.461255 0.0552176
-0.467937 0.0774893
-0.474618 0.099761
-0.4813 0.122033
-0.485754 0.144304
-0.487981 0.166576
-0.492436 0.188848
-0.49689 0.21112
-0.49689 0.233391
-0.49689 0.255663
-0.49689 0.277935
-0.49689 0.300206
-0.49689 0.322478
-0.49689 0.34475
