-0.519069 0.28794
-0.511558 0.305326
-0.491393 0.31149
-0.48667 0.33794
-0.470648 0.347139
-0.44555 0.338235
-0.435741 0.355677
-0.421041 0.364321
-0.405769 0.367112
-0.38845 0.364838
-0.373919 0.366647
-0.358721 0.371137
-0.343192 0.371646
-0.329497 0.3594
-0.311143 0.368897
-0.293202 0.367959
-0.280485 0.354593
-0.271276 0.335561
-0.247005 0.334739
-0.237835 0.312963
-0.234874 0.290473
-0.208278 0.286351
-0.202902 0.268473
-0.186402 0.256854
-0.195555 0.234778
-0.175769 0.225062
-0.184895 0.199924
-0.161153 0.186844
-0.144622 0.204515
-0.129119 0.209183
-0.11695 0.224035
-0.101741 0.229289
-0.0839123 0.219174
-0.0696468 0.226873
-0.052756 0.221447
-0.0401195 0.240081
-0.0243748 0.241082
-0.00917728 0.231155
0.00655431 0.239949
0.0213377 0.232116
0.0373477 0.237893
0.050494 0.217176
0.0675407 0.227894
0.08415 0.226564
0.0987268 0.223924
0.111925 0.21089
0.125181 0.198142
0.142316 0.205581
0.156544 0.196237
0.171062 0.19091
0.191632 0.202906
0.205726 0.19965
0.217778 0.180882
0.232053 0.173231
0.249923 0.18234
0.264484 0.174311
0.279853 0.176549
0.294537 0.168332
0.309972 0.171333
0.325169 0.159866
0.340367 0.180763
0.354418 0.182305
0.36827 0.186227
0.385943 0.176892
0.400574 0.18276
0.418349 0.176178
0.432026 0.187369
0.446717 0.19217
0.463296 0.188298
0.4806 0.200956
0.474951 0.180958
0.466037 0.165233
0.447559 0.155652
0.4393 0.140359
0.432038 0.121705
0.420843 0.105738
0.407941 0.0911352
0.400473 0.071673
0.384508 0.0561338
0.368261 0.0446734
0.346439 0.0407958
0.328003 0.032686
0.323879 0.00578523
0.303157 0.00477941
0.288105 -0.00458143
0.277417 -0.0212173
0.255877 -0.0175358
0.240843 -0.0209991
0.22728 -0.0347005
0.21505 -0.0499215
0.196588 -0.0419772
0.183604 -0.0555031
0.166499 -0.0511159
0.151598 -0.0556394
0.135757 -0.0554639
0.121334 -0.0614206
0.106903 -0.0691674
0.0918712 -0.0738738
0.0756316 -0.0633509
0.0637638 -0.0718808
0.0497749 -0.0867025
0.0705758 -0.0982839
0.0700766 -0.116383
0.0763628 -0.132985
0.0868029 -0.14602
0.0882837 -0.165006
0.110317 -0.17229
0.121142 -0.184899
0.128393 -0.203108
0.138182 -0.220354
0.140802 -0.2405
0.168561 -0.24424
0.172815 -0.270381
0.198735 -0.274
0.203236 -0.299198
0.219929 -0.306599
0.233462 -0.318491
0.248645 -0.327635
0.270473 -0.324634
0.286014 -0.328378
0.292987 -0.352682
0.314678 -0.347759
0.32735 -0.357998
0.338895 -0.36328
0.33615 -0.36553
0.324227 -0.368637
0.31143 -0.383677
0.297183 -0.387528
0.27941 -0.384942
0.262359 -0.381749
0.248602 -0.392675
0.233753 -0.396885
0.215554 -0.392868
0.204362 -0.410646
0.188967 -0.411758
0.175118 -0.42237
0.158563 -0.420847
0.144949 -0.432255
0.127004 -0.425074
0.113662 -0.437394
0.0951638 -0.427268
0.0822866 -0.44432
0.0690072 -0.437834
0.0690866 -0.422054
0.0670633 -0.406756
0.057553 -0.391583
0.0688364 -0.376185
0.0521695 -0.363508
0.0612853 -0.34588
0.0548875 -0.331627
0.0552273 -0.314149
0.0436077 -0.301353
0.0372071 -0.28465
0.016907 -0.275883
0.00922669 -0.257769
0.00174123 -0.243364
-0.00895245 -0.222711
-0.0312369 -0.235978
-0.0458247 -0.228739
-0.0607685 -0.229676
-0.0756451 -0.223395
-0.0920784 -0.235875
-0.105798 -0.221192
-0.119724 -0.21493
-0.133973 -0.205657
-0.153623 -0.217598
-0.170618 -0.214638
-0.179628 -0.193089
-0.196646 -0.192037
-0.217092 -0.192008
-0.228562 -0.176554
-0.250945 -0.173276
-0.252818 -0.145207
-0.276749 -0.139069
-0.28703 -0.121941
-0.296254 -0.106686
-0.306695 -0.0922826
-0.309378 -0.0732231
-0.3286 -0.0634277
-0.32887 -0.0452964
-0.325574 -0.027256
-0.346395 -0.0173441
-0.355859 -0.00186152
-0.335164 0.0165393
-0.337617 0.031795
-0.345972 0.0461066
-0.350732 0.0613042
-0.341416 0.0770115
-0.343313 0.0923221
-0.361568 0.106897
-0.338809 0.123163
-0.354406 0.136939
-0.35311 0.153255
-0.352792 0.170353
-0.3624 0.183599
-0.364332 0.20133
-0.373574 0.217134
-0.391707 0.226675
-0.403823 0.241394
-0.409429 0.267894
-0.429406 0.272556
-0.450758 0.264343
-0.463996 0.270121
-0.477204 0.280736
-0.492936 0.278383
-0.507658 0.272671
-0.515012 0.291032
