-0.437451 0.233978
-0.432997 0.242887
-0.430769 0.251796
-0.424088 0.260705
-0.412952 0.278522
-0.408498 0.287431
-0.39068 0.298566
-0.370636 0.325293
-0.366181 0.334201
-0.357273 0.34311
-0.348364 0.352019
-0.339455 0.360927
-0.312729 0.383199
-0.303821 0.392108
-0.294912 0.401016
-0.263732 0.436651
-0.237006 0.458923
-0.228097 0.463377
-0.219188 0.467831
-0.210279 0.472286
-0.192462 0.47674
-0.183553 0.47674
-0.156827 0.474513
-0.147919 0.470059
-0.159055 0.443333
-0.190235 0.380972
-0.199144 0.363154
-0.208052 0.345337
-0.216961 0.32752
-0.210279 0.320838
-0.174645 0.320838
-0.165736 0.320838
-0.156827 0.320838
-0.147919 0.320838
-0.112284 0.316384
-0.103375 0.316384
-0.0766492 0.316384
-0.074422 0.291885
-0.0766492 0.282976
-0.0811035 0.274068
-0.10783 0.251796
-0.134556 0.236206
-0.143464 0.231751
-0.152373 0.229524
-0.179099 0.222843
-0.188008 0.222843
-0.214734 0.211707
-0.250369 0.198344
-0.277095 0.191662
-0.28823 0.164936
-0.28823 0.156027
-0.292685 0.147119
-0.281549 0.131529
-0.27264 0.127074
-0.25705 0.111484
-0.248141 0.104803
-0.22587 0.0803036
-0.212507 0.0669406
-0.203598 0.0691678
-0.185781 0.0780765
-0.17019 0.0914395
-0.136783 0.135983
-0.118965 0.144892
-0.101148 0.151573
-0.0833307 0.1538
-0.074422 0.1538
-0.0566047 0.147119
-0.0298786 0.140437
-0.0165156 0.124847
-0.00760689 0.120393
0.0280279 0.133756
0.0458452 0.144892
0.0903887 0.1538
0.108206 0.149346
0.117115 0.144892
0.134932 0.133756
0.143841 0.124847
0.152749 0.115938
0.159431 0.10703
0.163885 0.098121
0.177248 0.0803036
0.224019 0.084758
0.232928 0.0936667
0.239609 0.100348
0.248518 0.109257
0.255199 0.115938
0.273017 0.129301
0.281925 0.133756
0.288607 0.142664
0.284153 0.160482
0.281925 0.169391
0.277471 0.178299
0.250745 0.196117
0.241836 0.200571
0.21511 0.211707
0.206202 0.216161
0.197293 0.218388
0.170567 0.222843
0.134932 0.233978
0.126023 0.238433
0.0992973 0.254023
0.0903887 0.260705
0.0770256 0.278522
0.0725713 0.287431
0.0681169 0.296339
0.0658898 0.305248
0.0681169 0.314157
0.0770256 0.316384
0.094843 0.316384
0.103752 0.316384
0.11266 0.316384
0.121569 0.316384
0.139386 0.320838
0.157204 0.320838
0.201747 0.320838
0.210656 0.331974
0.201747 0.349791
0.188384 0.376517
0.18393 0.385426
0.179476 0.394335
0.175021 0.403244
0.166112 0.421061
0.161658 0.42997
0.152749 0.447787
0.148295 0.456696
0.148295 0.472286
0.166112 0.47674
0.192839 0.47674
0.210656 0.470059
0.219565 0.465604
0.273017 0.423288
0.295288 0.396562
0.371012 0.320838
0.377694 0.311929
0.382148 0.303021
0.391057 0.296339
0.399965 0.291885
0.406647 0.282976
0.424464 0.25625
0.437827 0.220615
0.440055 0.211707
0.442282 0.202798
0.442282 0.184981
0.442282 0.176072
0.442282 0.167163
0.442282 0.149346
0.437827 0.131529
0.433373 0.113711
0.437827 0.0869852
0.437827 0.0780765
0.437827 0.0691678
0.433373 0.0513504
0.431146 0.0424417
0.426692 0.033533
0.424464 0.0246244
0.413329 0.00680699
0.395511 -0.0199191
0.386602 -0.0288278
0.377694 -0.0377364
0.350968 -0.0600082
0.33315 -0.0733712
0.337605 -0.100097
0.337605 -0.109006
0.337605 -0.117915
0.337605 -0.126823
0.326469 -0.162458
0.339832 -0.207001
0.359876 -0.233728
0.366558 -0.251545
0.368785 -0.260454
0.371012 -0.278271
0.371012 -0.28718
0.366558 -0.296088
0.366558 -0.304997
0.364331 -0.313906
0.355422 -0.358449
0.364331 -0.394084
0.366558 -0.402993
0.371012 -0.42081
0.366558 -0.456445
0.362104 -0.465353
0.353195 -0.469808
0.344286 -0.469808
0.335378 -0.465353
0.326469 -0.460899
0.30197 -0.4364
0.295288 -0.429719
0.290834 -0.4364
0.290834 -0.445309
0.290834 -0.472035
0.268562 -0.496534
0.219565 -0.458672
0.210656 -0.469808
0.210656 -0.496534
0.203974 -0.52326
0.159431 -0.512124
0.154977 -0.503215
0.148295 -0.494307
0.139386 -0.476489
0.134932 -0.467581
0.128251 -0.449763
0.123796 -0.440854
0.119342 -0.431946
0.0658898 -0.40522
0.0569811 -0.396311
0.0525267 -0.387402
0.0458452 -0.378494
0.0413909 -0.369585
0.0369365 -0.360676
0.0369365 -0.351768
0.0324822 -0.342859
0.0324822 -0.33395
0.0324822 -0.325042
0.0102105 -0.307224
-0.0365601 -0.31836
-0.0365601 -0.327269
-0.0365601 -0.345086
-0.0410145 -0.353995
-0.0410145 -0.362903
-0.0454688 -0.371812
-0.0521503 -0.380721
-0.0632862 -0.398538
-0.0721949 -0.40522
-0.10783 -0.425264
-0.116738 -0.427491
-0.12342 -0.434173
-0.134556 -0.460899
-0.13901 -0.469808
-0.143464 -0.478716
-0.147919 -0.487625
-0.152373 -0.496534
-0.214734 -0.494307
-0.219188 -0.45199
-0.22587 -0.460899
-0.239233 -0.478716
-0.25705 -0.494307
-0.265959 -0.496534
-0.274867 -0.496534
-0.283776 -0.496534
-0.290458 -0.487625
-0.294912 -0.460899
-0.294912 -0.45199
-0.308275 -0.438627
-0.323865 -0.456445
-0.332774 -0.463126
-0.368409 -0.463126
-0.37509 -0.4364
-0.372863 -0.418583
-0.370636 -0.409674
-0.368409 -0.391857
-0.361727 -0.365131
-0.352818 -0.347313
-0.3595 -0.329496
-0.363954 -0.320587
-0.370636 -0.30277
-0.37509 -0.284952
-0.37509 -0.276044
-0.370636 -0.258226
-0.368409 -0.240409
-0.363954 -0.2315
-0.350591 -0.213683
-0.341683 -0.204774
-0.323865 -0.186957
-0.321638 -0.178048
-0.335001 -0.142414
-0.339455 -0.133505
-0.341683 -0.115687
-0.341683 -0.106779
-0.339455 -0.071144
-0.348364 -0.0644625
-0.357273 -0.0600082
-0.383999 -0.0355093
-0.406271 -0.00878321
-0.412952 0.000125474
-0.417406 0.00903416
-0.437451 0.0535776
-0.441905 0.0624863
-0.441905 0.071395
-0.441905 0.0892123
-0.441905 0.124847
-0.44636 0.151573
-0.44636 0.160482
-0.44636 0.196117
-0.44636 0.205025
