-0.430028 0.129713
-0.425573 0.14753
-0.421119 0.156439
-0.401074 0.192074
-0.394393 0.200983
-0.38103 0.2188
-0.374348 0.227709
-0.367667 0.236617
-0.358758 0.245526
-0.332032 0.272252
-0.323123 0.281161
-0.296397 0.303432
-0.27858 0.314568
-0.269671 0.319023
-0.251854 0.327931
-0.234036 0.332386
-0.225128 0.334613
-0.20731 0.341294
-0.180584 0.345749
-0.171676 0.347976
-0.153858 0.350203
-0.14495 0.347976
-0.100406 0.343522
-0.0558627 0.334613
-0.0291366 0.323477
0.0064981 0.312341
0.017634 0.327931
0.0198611 0.33684
0.0220883 0.354657
0.0243155 0.363566
0.0265426 0.372475
0.0287698 0.381383
0.030997 0.390292
0.0354513 0.399201
0.0510415 0.443744
0.0554959 0.452653
0.0621774 0.461562
0.0844491 0.483833
0.0933578 0.490515
0.117857 0.494969
0.126765 0.494969
0.160173 0.472697
0.169082 0.466016
0.180217 0.448199
0.169082 0.425927
0.160173 0.419245
0.108948 0.363566
0.0978121 0.33684
0.0933578 0.310114
0.100039 0.283388
0.126765 0.294524
0.180217 0.314568
0.189126 0.319023
0.198035 0.319023
0.206944 0.32125
0.23367 0.325704
0.242578 0.325704
0.251487 0.327931
0.269304 0.325704
0.278213 0.323477
0.313848 0.316795
0.331665 0.307887
0.3673 0.283388
0.376209 0.278934
0.394026 0.261116
0.402935 0.252208
0.409616 0.243299
0.416298 0.23439
0.422979 0.225481
0.434115 0.207664
0.443024 0.189847
0.447478 0.180938
0.45416 0.163121
0.458614 0.145303
0.463068 0.136395
0.463068 0.10076
0.463068 0.0918512
0.463068 0.0829425
0.463068 0.0562164
0.460841 0.0473077
0.458614 0.0294904
0.451932 -0.00614437
0.438569 -0.0417791
0.431888 -0.0595965
0.420752 -0.0863225
0.391799 -0.130866
0.353937 -0.184318
0.349483 -0.193227
0.338347 -0.211044
0.329438 -0.228862
0.318302 -0.255588
0.316075 -0.264496
0.309393 -0.282314
0.307166 -0.291222
0.304939 -0.300131
0.302712 -0.30904
0.300485 -0.317948
0.298258 -0.326857
0.29603 -0.335766
0.293803 -0.344674
0.291576 -0.353583
0.284895 -0.389218
0.278213 -0.415944
0.273759 -0.424853
0.262623 -0.451579
0.255941 -0.460487
0.229215 -0.482759
0.211398 -0.491668
0.175763 -0.505031
0.166854 -0.505031
0.149037 -0.505031
0.140128 -0.505031
0.122311 -0.505031
0.113402 -0.500576
0.0866763 -0.489441
0.0777676 -0.482759
0.0421328 -0.462715
0.0243155 -0.456033
0.0154068 -0.456033
-0.0558627 -0.489441
-0.0647714 -0.493895
-0.0736801 -0.496122
-0.0825888 -0.498349
-0.0914974 -0.500576
-0.127132 -0.500576
-0.136041 -0.500576
-0.162767 -0.491668
-0.180584 -0.482759
-0.189493 -0.476078
-0.198402 -0.471623
-0.216219 -0.444897
-0.225128 -0.42708
-0.231809 -0.418171
-0.260762 -0.35581
-0.26299 -0.346902
-0.267444 -0.337993
-0.271898 -0.329084
-0.27858 -0.320176
-0.289716 -0.302358
-0.296397 -0.293449
-0.300852 -0.284541
-0.318669 -0.257815
-0.336486 -0.231089
-0.343168 -0.22218
-0.349849 -0.213271
-0.354304 -0.204363
-0.369894 -0.177637
-0.383257 -0.150911
-0.389938 -0.142002
-0.394393 -0.133093
-0.398847 -0.124184
-0.403301 -0.115276
-0.407756 -0.106367
-0.41221 -0.0974584
-0.423346 -0.0618237
-0.425573 -0.052915
-0.432255 -0.0350976
-0.432255 -0.0261889
-0.432255 -0.0172802
-0.432255 -0.00837154
-0.436709 0.00944583
-0.436709 0.0183545
-0.436709 0.0272632
-0.436709 0.0361719
-0.436709 0.0450806
-0.436709 0.0628979
-0.436709 0.0718066
-0.436709 0.0807153
-0.436709 0.0985327
-0.436709 0.107441
