-0.482346 0.10739
-0.438634 0.116308
-0.454149 0.140703
-0.42255 0.147476
-0.412727 0.164781
-0.437854 0.20519
-0.404567 0.209225
-0.375835 0.213494
-0.382843 0.253851
-0.339221 0.245863
-0.324375 0.264319
-0.325703 0.300949
-0.294584 0.289635
-0.288823 0.321398
-0.272608 0.335662
-0.244263 0.30631
-0.235921 0.343422
-0.217705 0.35261
-0.195777 0.329391
-0.178078 0.361627
-0.166336 0.311384
-0.145069 0.312163
-0.128426 0.314088
-0.104967 0.347087
-0.0916841 0.320582
-0.0806361 0.30183
-0.0534436 0.317815
-0.031261 0.326158
-0.0138066 0.290319
0.0134987 0.311451
-0.0164483 0.339611
0.0143604 0.351529
0.0161257 0.369235
-0.0082873 0.396736
0.0305196 0.402918
0.0418954 0.418601
0.0539646 0.43269
0.0475717 0.456469
0.0553162 0.480754
0.069318 0.50339
0.0924538 0.510373
0.107042 0.479
0.127101 0.472634
0.135179 0.450033
0.176557 0.44482
0.144307 0.427493
0.14884 0.390551
0.127395 0.385668
0.100508 0.382797
0.109102 0.353714
0.0876712 0.343305
0.0825551 0.324912
0.0661971 0.311064
0.0681641 0.293068
0.0662867 0.256844
0.0951658 0.274662
0.119538 0.263863
0.125631 0.300893
0.139659 0.318491
0.16058 0.323606
0.181038 0.317099
0.202114 0.293253
0.21621 0.333036
0.235716 0.32914
0.2515 0.294255
0.266725 0.293777
0.279885 0.288989
0.302037 0.292179
0.335259 0.304879
0.357181 0.295592
0.372215 0.276264
0.369764 0.237295
0.372165 0.212167
0.413512 0.214117
0.42703 0.197512
0.441668 0.181307
0.448775 0.161179
0.417086 0.133097
0.42347 0.117563
0.432886 0.101494
0.411552 0.0836761
0.418352 0.0658588
0.43393 0.0485012
0.439723 0.0294223
0.41617 0.0145045
0.437347 -0.00808549
0.422981 -0.023568
0.397202 -0.0342235
0.431379 -0.0673627
0.397699 -0.0750556
0.374863 -0.0843812
0.370344 -0.103647
0.360703 -0.121647
0.354373 -0.144288
0.349364 -0.166305
0.349344 -0.193271
0.328945 -0.204443
0.297346 -0.210471
0.290435 -0.230237
0.312213 -0.261175
0.278128 -0.268765
0.303777 -0.29665
0.289177 -0.310716
0.287195 -0.329151
0.256369 -0.340376
0.261292 -0.360538
0.269717 -0.38107
0.27211 -0.39975
0.280474 -0.423131
0.234297 -0.427756
0.236988 -0.448531
0.219892 -0.459598
0.202939 -0.47108
0.197081 -0.49927
0.16996 -0.490045
0.163765 -0.532251
0.141452 -0.496422
0.123634 -0.496138
0.108075 -0.494863
0.0915765 -0.497264
0.0689929 -0.504478
0.0648859 -0.4709
0.0387537 -0.472298
0.0243872 -0.45333
0.00160503 -0.441342
-0.0127681 -0.491343
-0.0351418 -0.476741
-0.0619292 -0.468849
-0.0757559 -0.4871
-0.0816216 -0.52519
-0.106579 -0.514086
-0.127379 -0.483533
-0.143626 -0.519342
-0.159779 -0.495226
-0.176327 -0.496364
-0.187549 -0.478398
-0.200243 -0.464307
-0.224706 -0.465918
-0.22606 -0.444344
-0.247167 -0.433369
-0.243499 -0.408466
-0.267215 -0.399126
-0.253582 -0.369966
-0.281906 -0.362128
-0.287005 -0.343283
-0.322357 -0.339835
-0.323187 -0.315575
-0.303716 -0.27863
-0.337351 -0.274872
-0.362705 -0.265276
-0.367888 -0.243377
-0.386027 -0.228105
-0.391668 -0.207839
-0.407223 -0.1925
-0.41537 -0.174256
-0.433119 -0.160148
-0.40047 -0.120469
-0.457586 -0.125194
-0.432548 -0.0939902
-0.445055 -0.0784507
-0.45064 -0.0609853
-0.480813 -0.0474715
-0.469029 -0.0254553
-0.466566 -0.00873451
-0.472003 0.00896189
-0.452624 0.0279969
-0.477329 0.0458142
-0.457544 0.0636316
-0.466911 0.081449
-0.438085 0.0992663
