-0.423457 -0.333913
-0.369035 -0.304434
-0.305543 -0.279491
-0.305543 -0.23414
-0.305543 -0.206929
-0.305543 -0.134366
-0.305543 -0.116226
-0.305543 -0.0980852
-0.305543 -0.0890149
-0.301008 -0.0708743
-0.262459 0.0470396
-0.255656 0.0561099
-0.237516 0.0833207
-0.201235 0.128672
-0.192164 0.137743
-0.155883 0.183094
-0.14908 0.192164
-0.14908 0.201235
-0.153616 0.210305
-0.180826 0.226178
-0.208037 0.237516
-0.228445 0.269262
-0.219375 0.278332
-0.201235 0.287402
-0.174024 0.296473
-0.110532 0.296473
-0.101461 0.296473
-0.0833207 0.296473
0.0164525 0.276064
0.0345931 0.271529
0.061804 0.271529
0.0799446 0.271529
0.0980852 0.271529
0.134366 0.271529
0.152507 0.271529
0.161577 0.271529
0.197858 0.266994
0.25228 0.260191
0.26135 0.257924
0.288561 0.251121
0.352053 0.232981
0.361124 0.230713
0.379264 0.221643
0.424616 0.194432
0.442756 0.167221
0.451827 0.14908
0.474502 0.13094
0.501713 0.124137
0.519854 0.117334
0.528924 0.112799
0.531192 0.0629126
0.503981 0.0583774
0.48584 0.0583774
0.458629 0.0515747
0.449559 0.0493071
0.340716 0.0334341
0.345251 -0.0323255
0.277223 -0.0141849
0.250013 0.00168808
0.231872 0.0084908
0.204661 -0.00284706
0.195591 -0.0209877
0.188788 -0.0300579
0.143437 -0.0799446
0.116226 -0.100353
0.0731418 -0.077677
0.0822121 -0.0504661
0.0481985 -0.0391282
0.0300579 -0.045931
-0.0515747 -0.0844797
-0.0969262 -0.111691
-0.105996 -0.118493
-0.124137 -0.132099
-0.189897 -0.209196
-0.201235 -0.227337
-0.196699 -0.295364
-0.151348 -0.311237
-0.142278 -0.315772
-0.115067 -0.32711
-0.137743 -0.404208
-0.155883 -0.404208
-0.210305 -0.404208
-0.228445 -0.404208
-0.237516 -0.40194
-0.255656 -0.397405
-0.310078 -0.404208
-0.409851 -0.406475
-0.418922 -0.408743
-0.427992 -0.41101
-0.468808 -0.40194
